Welcome to the summary of Remez 1 multi for multivariate polynomial approximation. 
With the following parameters : 
degree of approximation = 2
maximum number of turns = 15
approximation of error = 1.00001e-09
approximation of points = 1.00001e-15
x in = [[0,1][1,2][0,1]]
For the function cos(x3)*(1+x1)^(x2).

Generated D0 is : [0, 1, 0, ] [0, 1, 1, ] [0, 2, 0, ] [0, 2, 1, ] [0.5, 1.5, 0.5, ] [1, 1, 0, ] [1, 1, 1, ] [1, 2, 0, ] [1, 2, 1, ] Polynom = [0,0,0.229848847066,1.212688941168,-0.4596976941318,-0.3276133647005,0,-0.9193953882637,1.540302305869,-0.3104534588022] 
Error step 1 : 0.114924423533
Error step 2 : 0.4990531759215
Distance between errors :0.3841287523885

Generated D0 is : [0, 1, 0, ] [0, 1, 0.318601, ] [0, 1, 1, ] [0, 1.50833, 0.488135, ] [0, 1.8508, 0, ] [0, 2, 0, ] [0, 2, 0.662305, ] [0, 2, 1, ] [5.7154e-17, 1.14921, 1, ] [0.129818, 1, 1, ] [0.366346, 1, 0.447243, ] [0.376465, 2, 0.560809, ] [0.412302, 2, 0, ] [0.424417, 1.64367, 0.528967, ] [0.5, 1.5, 0.5, ] [0.503114, 1.75946, 0, ] [0.635086, 2, 1, ] [0.643291, 1.7058, 1, ] [0.870183, 1, -1.08968e-16, ] [1, 1, 0, ] [1, 1, 0.587716, ] [1, 1, 1, ] [1, 1.40335, 0, ] [1, 1.67494, 1, ] [1, 2, 0, ] [1, 2, 0.423572, ] [1, 2, 1, ] [1.00001, 1.40616, 0.523582, ] Polynom = [1.37667,1.430522074914,-1.148308153666,-0.8741312910589,-0.4946077435858,0.3738117209507,-1.025910332682,-0.9543054377176,1.575212355323,0.6980018491532] 
Error step 1 : 0.1236519358965
Error step 2 : 0.2042223783248
Distance between errors :0.08057044242834

Generated D0 is : [-1.14925e-16, 1.83079, 1, ] [-5.33005e-17, 1.50747, 0.51128, ] [0, 1, 0, ] [0, 1, 0.318601, ] [0, 1, 0.68198, ] [0, 1, 1, ] [0, 1.16922, 0, ] [0, 1.50833, 0.488135, ] [0, 1.8508, 0, ] [0, 2, 0, ] [0, 2, 0.335525, ] [0, 2, 0.662305, ] [0, 2, 1, ] [5.7154e-17, 1.14921, 1, ] [0.129818, 1, 1, ] [0.206151, 2, 0, ] [0.322849, 1, 0, ] [0.366346, 1, 0.447243, ] [0.376465, 2, 0.560809, ] [0.412302, 2, 0, ] [0.424417, 1.64367, 0.528967, ] [0.5, 1.5, 0.5, ] [0.503114, 1.75946, 0, ] [0.536993, 1.21231, 0.472053, ] [0.574743, 1, 0.493531, ] [0.595948, 1.15478, 1, ] [0.635086, 2, 1, ] [0.643291, 1.7058, 1, ] [0.677152, 1, 1, ] [0.698049, 2, 0.82028, ] [0.80959, 1.74642, 0.521468, ] [0.817464, 1.82632, 0, ] [0.870183, 1, -1.08968e-16, ] [1, 1.56912, 0.751815, ] [1, 1, 0, ] [1, 1, 0.587716, ] [1, 1, 1, ] [1, 1.216, 0, ] [1, 1.40335, 0, ] [1, 1.67494, 1, ] [1, 2, 0, ] [1, 2, 0.313122, ] [1, 2, 0.423572, ] [1, 2, 1, ] [1.00001, 1.40616, 0.523582, ] Polynom = [1.16367,1.312313431514,-1.12038789213,-0.5818424640161,-0.4364506730714,0.2682274062479,-0.6967103660291,-0.9254546780297,1.561853398561,0.4177094967924] 
Error step 1 : 0.149952987175
Error step 2 : 0.1750370013168
Distance between errors :0.02508401414172

Generated D0 is : [-1.14925e-16, 1.83079, 1, ] [-5.33005e-17, 1.50747, 0.51128, ] [0, 1, 0, ] [0, 1, 0.318601, ] [0, 1, 0.66693, ] [0, 1, 0.68198, ] [0, 1, 1, ] [0, 1.08461, 0, ] [0, 1.16922, 0, ] [0, 1.50833, 0.488135, ] [0, 1.8508, 0, ] [0, 2, 0, ] [0, 2, 0.335525, ] [0, 2, 0.348493, ] [0, 2, 0.662305, ] [0, 2, 1, ] [3.27014e-17, 1.50106, 0.51187, ] [3.90742e-17, 1.89819, 1, ] [5.7154e-17, 1.14921, 1, ] [0.129818, 1, 1, ] [0.161425, 1, -2.00556e-16, ] [0.206151, 2, 0, ] [0.221263, 2, 0.303887, ] [0.266425, 1.45823, 1.00001, ] [0.322849, 1, 0, ] [0.366346, 1, 0.447243, ] [0.366653, 2, 0, ] [0.376465, 2, 0.560809, ] [0.412302, 2, 0, ] [0.424417, 1.64367, 0.528967, ] [0.5, 1.5, 0.5, ] [0.503114, 1.75946, 0, ] [0.536993, 1.21231, 0.472053, ] [0.559571, 1, 0.483041, ] [0.574743, 1, 0.493531, ] [0.595948, 1.15478, 1, ] [0.635086, 2, 1, ] [0.643291, 1.7058, 1, ] [0.663922, 2, 0.85083, ] [0.677152, 1, 1, ] [0.698049, 2, 0.82028, ] [0.718938, 1, 1, ] [0.776985, 1.7449, 0, ] [0.80959, 1.74642, 0.521468, ] [0.81139, 1.6458, 0.593516, ] [0.817464, 1.82632, 0, ] [0.870183, 1, -1.08968e-16, ] [1, 1.52041, 0.735267, ] [1, 1.56912, 0.751815, ] [1, 1, 0, ] [1, 1, 0.587716, ] [1, 1, 1, ] [1, 1.216, 0, ] [1, 1.40335, 0, ] [1, 1.67494, 1, ] [1, 2, 0, ] [1, 2, 0.285022, ] [1, 2, 0.313122, ] [1, 2, 0.423572, ] [1, 2, 1, ] [1.00001, 1.40616, 0.523582, ] [1.00001, 1.25328, 0, ] Polynom = [1.31737,1.240127954078,-1.025345117872,-0.7862392992337,-0.4411059802738,0.3291372945374,-0.7453171328842,-0.962895190135,1.600840966415,0.4257023088878] 
Error step 1 : 0.1519676260249
Error step 2 : 0.1540278101896
Distance between errors :0.002060184164753

Generated D0 is : [-1.83382e-16, 1.86449, 1, ] [-1.14925e-16, 1.83079, 1, ] [-5.33005e-17, 1.50747, 0.51128, ] [0, 1, 0, ] [0, 1, 0.318601, ] [0, 1, 0.66693, ] [0, 1, 0.68198, ] [0, 1, 0.706024, ] [0, 1, 1, ] [0, 1.08461, 0, ] [0, 1.16922, 0, ] [0, 1.1944, 0, ] [0, 1.50833, 0.488135, ] [0, 1.8508, 0, ] [0, 2, 0, ] [0, 2, 0.334733, ] [0, 2, 0.335525, ] [0, 2, 0.348493, ] [0, 2, 0.662305, ] [0, 2, 1, ] [1.20531e-17, 1.53835, 0.513291, ] [3.27014e-17, 1.50106, 0.51187, ] [3.90742e-17, 1.89819, 1, ] [5.7154e-17, 1.14921, 1, ] [0.110011, 1.1048, 0, ] [0.129818, 1, 1, ] [0.161425, 1, -2.00556e-16, ] [0.169692, 1, -1.23639e-16, ] [0.206151, 2, 0, ] [0.221263, 2, 0.303887, ] [0.265592, 2, 0.22117, ] [0.266425, 1.45823, 1.00001, ] [0.270346, 1.48741, 1.00001, ] [0.322849, 1, 0, ] [0.362898, 2, 0.0437791, ] [0.366346, 1, 0.447243, ] [0.366653, 2, 0, ] [0.376465, 2, 0.560809, ] [0.397325, 2, 0, ] [0.412302, 2, 0, ] [0.424417, 1.64367, 0.528967, ] [0.5, 1.5, 0.5, ] [0.503114, 1.75946, 0, ] [0.521695, 1.16884, 0.466902, ] [0.536993, 1.21231, 0.472053, ] [0.559571, 1, 0.483041, ] [0.570984, 1, 0.465184, ] [0.574743, 1, 0.493531, ] [0.595948, 1.15478, 1, ] [0.623612, 2, 0.832344, ] [0.635086, 2, 1, ] [0.643291, 1.7058, 1, ] [0.663922, 2, 0.85083, ] [0.677152, 1, 1, ] [0.698049, 2, 0.82028, ] [0.718938, 1, 1, ] [0.760712, 1, 1, ] [0.776985, 1.7449, 0, ] [0.799156, 1.7615, 0, ] [0.80959, 1.74642, 0.521468, ] [0.81139, 1.6458, 0.593516, ] [0.817464, 1.82632, 0, ] [0.825407, 1.64207, 0.561728, ] [0.870183, 1, -1.08968e-16, ] [1, 1.52041, 0.735267, ] [1, 1.49656, 0.705998, ] [1, 1.56912, 0.751815, ] [1, 1, 0, ] [1, 1, 0.587716, ] [1, 1, 1, ] [1, 1.216, 0, ] [1, 1.22655, 0, ] [1, 1.40335, 0, ] [1, 1.67494, 1, ] [1, 2, 0, ] [1, 2, 0.285022, ] [1, 2, 0.313122, ] [1, 2, 0.321682, ] [1, 2, 0.423572, ] [1, 2, 1, ] [1.00001, 1.40616, 0.523582, ] [1.00001, 1.25328, 0, ] Polynom = [1.23549,1.24701010591,-1.027876025065,-0.6665322851685,-0.4388880923714,0.2862830753189,-0.7276019118274,-0.9694755480415,1.617403564586,0.3870454351419] 
Error step 1 : 0.1524719269318
Error step 2 : 0.1531421779026
Distance between errors :0.0006702509707697

Generated D0 is : [-1.83382e-16, 1.86449, 1, ] [-1.14925e-16, 1.83079, 1, ] [-8.48323e-17, 1.93065, 1, ] [-5.33005e-17, 1.50747, 0.51128, ] [0, 1, 0, ] [0, 1, 0.318601, ] [0, 1, 0.66693, ] [0, 1, 0.68198, ] [0, 1, 0.706024, ] [0, 1, 0.710287, ] [0, 1, 1, ] [0, 1.08461, 0, ] [0, 1.16922, 0, ] [0, 1.1944, 0, ] [0, 1.50833, 0.488135, ] [0, 1.8508, 0, ] [0, 2, 0, ] [0, 2, 0.334733, ] [0, 2, 0.335525, ] [0, 2, 0.343382, ] [0, 2, 0.348493, ] [0, 2, 0.662305, ] [0, 2, 1, ] [1.20531e-17, 1.53835, 0.513291, ] [1.59128e-17, 1.16412, 0, ] [3.27014e-17, 1.50106, 0.51187, ] [3.90742e-17, 1.89819, 1, ] [5.7154e-17, 1.14921, 1, ] [1.28666e-16, 1.5572, 0.512805, ] [0.0951672, 1.07028, 0, ] [0.110011, 1.1048, 0, ] [0.129818, 1, 1, ] [0.142359, 1, -6.28221e-17, ] [0.161425, 1, -2.00556e-16, ] [0.169692, 1, -1.23639e-16, ] [0.206151, 2, 0, ] [0.221263, 2, 0.303887, ] [0.265592, 2, 0.22117, ] [0.266425, 1.45823, 1.00001, ] [0.270346, 1.48741, 1.00001, ] [0.29201, 2.00001, 0.215682, ] [0.29264, 1.45597, 1.00001, ] [0.322849, 1, 0, ] [0.362898, 2, 0.0437791, ] [0.366346, 1, 0.447243, ] [0.366653, 2, 0, ] [0.369318, 2, 0.0615122, ] [0.376465, 2, 0.560809, ] [0.397325, 2, 0, ] [0.412302, 2, 0, ] [0.413739, 2, 0, ] [0.424417, 1.64367, 0.528967, ] [0.5, 1.5, 0.5, ] [0.503114, 1.75946, 0, ] [0.521695, 1.16884, 0.466902, ] [0.536993, 1.21231, 0.472053, ] [0.559571, 1, 0.483041, ] [0.570984, 1, 0.465184, ] [0.574743, 1, 0.493531, ] [0.575533, 1.0249, 0.461593, ] [0.583786, 1, 0.459417, ] [0.595948, 1.15478, 1, ] [0.621765, 2, 0.833598, ] [0.623612, 2, 0.832344, ] [0.635086, 2, 1, ] [0.643291, 1.7058, 1, ] [0.663922, 2, 0.85083, ] [0.677152, 1, 1, ] [0.698049, 2, 0.82028, ] [0.718938, 1, 1, ] [0.760712, 1, 1, ] [0.776985, 1.7449, 0, ] [0.789239, 1.75429, 0, ] [0.799156, 1.7615, 0, ] [0.800909, 1, 1, ] [0.80959, 1.74642, 0.521468, ] [0.81139, 1.6458, 0.593516, ] [0.817464, 1.82632, 0, ] [0.825407, 1.64207, 0.561728, ] [0.833404, 1.62268, 0.579876, ] [0.870183, 1, -1.08968e-16, ] [1, 1.49786, 0.695098, ] [1, 1.52041, 0.735267, ] [1, 1.49656, 0.705998, ] [1, 1.56912, 0.751815, ] [1, 1, 0, ] [1, 1, 0.587716, ] [1, 1, 1, ] [1, 1.216, 0, ] [1, 1.22655, 0, ] [1, 1.28089, 0, ] [1, 1.40335, 0, ] [1, 1.67494, 1, ] [1, 2, 0, ] [1, 2, 0.285022, ] [1, 2, 0.313122, ] [1, 2, 0.319895, ] [1, 2, 0.321682, ] [1, 2, 0.423572, ] [1, 2, 1, ] [1.00001, 1.40616, 0.523582, ] [1.00001, 1.25328, 0, ] Polynom = [1.2721,1.241190729311,-1.022562068118,-0.7185388001061,-0.4418171596227,0.3052012836326,-0.7425791417969,-0.9648075014786,1.610134574233,0.4099868545668] 
Error step 1 : 0.1524766384964
Error step 2 : 0.1527017486652
Distance between errors :0.0002251101688585

Generated D0 is : [-1.83382e-16, 1.86449, 1, ] [-1.14925e-16, 1.83079, 1, ] [-8.48323e-17, 1.93065, 1, ] [-5.91119e-17, 1.54784, 0.512126, ] [-5.33005e-17, 1.50747, 0.51128, ] [0, 1, 0, ] [0, 1, 0.318601, ] [0, 1, 0.66693, ] [0, 1, 0.68198, ] [0, 1, 0.706024, ] [0, 1, 0.709355, ] [0, 1, 0.710287, ] [0, 1, 1, ] [0, 1.08461, 0, ] [0, 1.16922, 0, ] [0, 1.17716, 0, ] [0, 1.1944, 0, ] [0, 1.50833, 0.488135, ] [0, 1.8508, 0, ] [0, 2, 0, ] [0, 2, 0.334733, ] [0, 2, 0.335525, ] [0, 2, 0.336099, ] [0, 2, 0.343382, ] [0, 2, 0.348493, ] [0, 2, 0.662305, ] [0, 2, 1, ] [1.20531e-17, 1.53835, 0.513291, ] [1.59128e-17, 1.16412, 0, ] [3.27014e-17, 1.50106, 0.51187, ] [3.90742e-17, 1.89819, 1, ] [5.7154e-17, 1.14921, 1, ] [1.23278e-16, 1.90097, 1, ] [1.28666e-16, 1.5572, 0.512805, ] [0.0951672, 1.07028, 0, ] [0.110011, 1.1048, 0, ] [0.119329, 1.07077, 0, ] [0.129818, 1, 1, ] [0.142359, 1, -6.28221e-17, ] [0.161425, 1, -2.00556e-16, ] [0.161523, 1, -2.88814e-17, ] [0.169692, 1, -1.23639e-16, ] [0.206151, 2, 0, ] [0.221263, 2, 0.303887, ] [0.265592, 2, 0.22117, ] [0.266425, 1.45823, 1.00001, ] [0.270346, 1.48741, 1.00001, ] [0.282028, 2, 0.206801, ] [0.284462, 1.47084, 1.00001, ] [0.29201, 2.00001, 0.215682, ] [0.29264, 1.45597, 1.00001, ] [0.322849, 1, 0, ] [0.356885, 2.00001, 0.0644622, ] [0.362898, 2, 0.0437791, ] [0.366346, 1, 0.447243, ] [0.366653, 2, 0, ] [0.369318, 2, 0.0615122, ] [0.376465, 2, 0.560809, ] [0.397325, 2, 0, ] [0.404814, 2, 0, ] [0.412302, 2, 0, ] [0.413739, 2, 0, ] [0.424417, 1.64367, 0.528967, ] [0.5, 1.5, 0.5, ] [0.503114, 1.75946, 0, ] [0.521695, 1.16884, 0.466902, ] [0.536993, 1.21231, 0.472053, ] [0.543799, 1.10902, 0.467337, ] [0.559571, 1, 0.483041, ] [0.570984, 1, 0.465184, ] [0.574743, 1, 0.493531, ] [0.575533, 1.0249, 0.461593, ] [0.577682, 1, 0.462647, ] [0.583786, 1, 0.459417, ] [0.595948, 1.15478, 1, ] [0.621283, 2, 0.831395, ] [0.621765, 2, 0.833598, ] [0.623612, 2, 0.832344, ] [0.635086, 2, 1, ] [0.643291, 1.7058, 1, ] [0.663922, 2, 0.85083, ] [0.677152, 1, 1, ] [0.698049, 2, 0.82028, ] [0.718938, 1, 1, ] [0.760712, 1, 1, ] [0.776985, 1.7449, 0, ] [0.777531, 1, 1, ] [0.789239, 1.75429, 0, ] [0.793869, 1.75881, 0, ] [0.799156, 1.7615, 0, ] [0.800909, 1, 1, ] [0.80959, 1.74642, 0.521468, ] [0.81139, 1.6458, 0.593516, ] [0.817464, 1.82632, 0, ] [0.825407, 1.64207, 0.561728, ] [0.826489, 1.63426, 0.568622, ] [0.833404, 1.62268, 0.579876, ] [0.870183, 1, -1.08968e-16, ] [1, 1.49786, 0.695098, ] [1, 1.52041, 0.735267, ] [1, 1.49656, 0.705998, ] [1, 1.56912, 0.751815, ] [1, 1, 0, ] [1, 1, 0.587716, ] [1, 1, 1, ] [1, 1.216, 0, ] [1, 1.22655, 0, ] [1, 1.28089, 0, ] [1, 1.40335, 0, ] [1, 1.67494, 1, ] [1, 2, 0, ] [1, 2, 0.285022, ] [1, 2, 0.313122, ] [1, 2, 0.319895, ] [1, 2, 0.321682, ] [1, 2, 0.321957, ] [1, 2, 0.423572, ] [1, 2, 1, ] [1.00001, 1.2612, 0, ] [1.00001, 1.40616, 0.523582, ] [1.00001, 1.25328, 0, ] [1.00001, 1.49498, 0.699281, ] Polynom = [1.29946,1.236855567383,-1.019576603496,-0.757357296226,-0.4428618724786,0.3189800142637,-0.7506746040936,-0.9623032023457,1.605378997251,0.423697157454] 
Error step 1 : 0.1524856099527
Error step 2 : 0.1525761843741
Distance between errors :9.057442144842e-05

Generated D0 is : [-1.83382e-16, 1.86449, 1, ] [-1.14925e-16, 1.83079, 1, ] [-8.48323e-17, 1.93065, 1, ] [-5.91119e-17, 1.54784, 0.512126, ] [-5.33005e-17, 1.50747, 0.51128, ] [-2.40246e-17, 1.54239, 0.511717, ] [0, 1, 0, ] [0, 1, 0.318601, ] [0, 1, 0.66693, ] [0, 1, 0.68198, ] [0, 1, 0.706024, ] [0, 1, 0.708461, ] [0, 1, 0.709355, ] [0, 1, 0.710287, ] [0, 1, 1, ] [0, 1.08461, 0, ] [0, 1.16922, 0, ] [0, 1.17716, 0, ] [0, 1.18716, 0, ] [0, 1.1944, 0, ] [0, 1.50833, 0.488135, ] [0, 1.8508, 0, ] [0, 2, 0, ] [0, 2, 0.332062, ] [0, 2, 0.334733, ] [0, 2, 0.335525, ] [0, 2, 0.336099, ] [0, 2, 0.343382, ] [0, 2, 0.348493, ] [0, 2, 0.662305, ] [0, 2, 1, ] [1.20531e-17, 1.53835, 0.513291, ] [1.59128e-17, 1.16412, 0, ] [2.17027e-17, 1.88134, 1, ] [3.27014e-17, 1.50106, 0.51187, ] [3.90742e-17, 1.89819, 1, ] [5.7154e-17, 1.14921, 1, ] [1.23278e-16, 1.90097, 1, ] [1.28666e-16, 1.5572, 0.512805, ] [0.0951672, 1.07028, 0, ] [0.110011, 1.1048, 0, ] [0.119329, 1.07077, 0, ] [0.125187, 1.08219, 0, ] [0.129818, 1, 1, ] [0.142359, 1, -6.28221e-17, ] [0.161425, 1, -2.00556e-16, ] [0.161523, 1, -2.88814e-17, ] [0.169692, 1, -1.23639e-16, ] [0.171462, 1, -1.41066e-16, ] [0.206151, 2, 0, ] [0.221263, 2, 0.303887, ] [0.265592, 2, 0.22117, ] [0.266425, 1.45823, 1.00001, ] [0.270346, 1.48741, 1.00001, ] [0.27476, 2, 0.20389, ] [0.276769, 1.48211, 1, ] [0.282028, 2, 0.206801, ] [0.284462, 1.47084, 1.00001, ] [0.29201, 2.00001, 0.215682, ] [0.29264, 1.45597, 1.00001, ] [0.322849, 1, 0, ] [0.350448, 2, 0.0641245, ] [0.350448, 2.00001, 0.0641245, ] [0.356885, 2.00001, 0.0644622, ] [0.362898, 2, 0.0437791, ] [0.366346, 1, 0.447243, ] [0.366653, 2, 0, ] [0.369318, 2, 0.0615122, ] [0.376465, 2, 0.560809, ] [0.397325, 2, 0, ] [0.399169, 2, 0, ] [0.404814, 2, 0, ] [0.412302, 2, 0, ] [0.413739, 2, 0, ] [0.424417, 1.64367, 0.528967, ] [0.5, 1.5, 0.5, ] [0.503114, 1.75946, 0, ] [0.521695, 1.16884, 0.466902, ] [0.529656, 1.14729, 0.466914, ] [0.536993, 1.21231, 0.472053, ] [0.543799, 1.10902, 0.467337, ] [0.559571, 1, 0.483041, ] [0.570984, 1, 0.465184, ] [0.573659, 1, 0.464081, ] [0.574743, 1, 0.493531, ] [0.575533, 1.0249, 0.461593, ] [0.577682, 1, 0.462647, ] [0.583786, 1, 0.459417, ] [0.595948, 1.15478, 1, ] [0.621001, 2, 0.830241, ] [0.621283, 2, 0.831395, ] [0.621765, 2, 0.833598, ] [0.623612, 2, 0.832344, ] [0.635086, 2, 1, ] [0.643291, 1.7058, 1, ] [0.663922, 2, 0.85083, ] [0.677152, 1, 1, ] [0.698049, 2, 0.82028, ] [0.718938, 1, 1, ] [0.760712, 1, 1, ] [0.764581, 1, 1, ] [0.776985, 1.7449, 0, ] [0.777531, 1, 1, ] [0.789239, 1.75429, 0, ] [0.793869, 1.75881, 0, ] [0.797062, 1.76157, 0, ] [0.799156, 1.7615, 0, ] [0.800909, 1, 1, ] [0.80959, 1.74642, 0.521468, ] [0.81139, 1.6458, 0.593516, ] [0.817464, 1.82632, 0, ] [0.823894, 1.64102, 0.562232, ] [0.825407, 1.64207, 0.561728, ] [0.826489, 1.63426, 0.568622, ] [0.833404, 1.62268, 0.579876, ] [0.870183, 1, -1.08968e-16, ] [1, 1.49786, 0.695098, ] [1, 1.52041, 0.735267, ] [1, 1.49656, 0.705998, ] [1, 1.56912, 0.751815, ] [1, 1, 0, ] [1, 1, 0.587716, ] [1, 1, 1, ] [1, 1.216, 0, ] [1, 1.22655, 0, ] [1, 1.28089, 0, ] [1, 1.40335, 0, ] [1, 1.67494, 1, ] [1, 2, 0, ] [1, 2, 0.285022, ] [1, 2, 0.313122, ] [1, 2, 0.319895, ] [1, 2, 0.321682, ] [1, 2, 0.321957, ] [1, 2, 0.323095, ] [1, 2, 0.423572, ] [1, 2, 1, ] [1.00001, 1.2612, 0, ] [1.00001, 1.40616, 0.523582, ] [1.00001, 1.24379, 0, ] [1.00001, 1.25328, 0, ] [1.00001, 1.49359, 0.702409, ] [1.00001, 1.49498, 0.699281, ] Polynom = [1.29264,1.23760904001,-1.020946663458,-0.7476601454161,-0.4410670456936,0.3149955398778,-0.7438436862701,-0.9648048828144,1.608013159097,0.414501058034] 
Error step 1 : 0.1524959011245
Error step 2 : 0.1525497750368
Distance between errors :5.38739123667e-05

Generated D0 is : [-1.83382e-16, 1.86449, 1, ] [-1.14925e-16, 1.83079, 1, ] [-8.48323e-17, 1.93065, 1, ] [-5.91119e-17, 1.54784, 0.512126, ] [-5.33005e-17, 1.50747, 0.51128, ] [-2.40246e-17, 1.54239, 0.511717, ] [0, 1, 0, ] [0, 1, 0.318601, ] [0, 1, 0.66693, ] [0, 1, 0.68198, ] [0, 1, 0.706024, ] [0, 1, 0.708461, ] [0, 1, 0.708934, ] [0, 1, 0.709355, ] [0, 1, 0.710287, ] [0, 1, 1, ] [0, 1.08461, 0, ] [0, 1.16922, 0, ] [0, 1.17716, 0, ] [0, 1.18678, 0, ] [0, 1.18716, 0, ] [0, 1.1944, 0, ] [0, 1.50833, 0.488135, ] [0, 1.8508, 0, ] [0, 1.8869, 1, ] [0, 2, 0, ] [0, 2, 0.332062, ] [0, 2, 0.334733, ] [0, 2, 0.335192, ] [0, 2, 0.335525, ] [0, 2, 0.336099, ] [0, 2, 0.343382, ] [0, 2, 0.348493, ] [0, 2, 0.662305, ] [0, 2, 1, ] [1.20531e-17, 1.53835, 0.513291, ] [1.59128e-17, 1.16412, 0, ] [2.17027e-17, 1.88134, 1, ] [2.80398e-17, 1.54549, 0.512357, ] [3.27014e-17, 1.50106, 0.51187, ] [3.90742e-17, 1.89819, 1, ] [5.7154e-17, 1.14921, 1, ] [1.23278e-16, 1.90097, 1, ] [1.28666e-16, 1.5572, 0.512805, ] [0.0951672, 1.07028, 0, ] [0.10834, 1.09296, 0, ] [0.110011, 1.1048, 0, ] [0.119329, 1.07077, 0, ] [0.125187, 1.08219, 0, ] [0.129818, 1, 1, ] [0.142359, 1, -6.28221e-17, ] [0.161425, 1, -2.00556e-16, ] [0.161523, 1, -2.88814e-17, ] [0.163849, 1, -5.12786e-17, ] [0.169692, 1, -1.23639e-16, ] [0.171462, 1, -1.41066e-16, ] [0.206151, 2, 0, ] [0.221263, 2, 0.303887, ] [0.265592, 2, 0.22117, ] [0.266425, 1.45823, 1.00001, ] [0.270346, 1.48741, 1.00001, ] [0.27476, 2, 0.20389, ] [0.276769, 1.48211, 1, ] [0.279786, 2, 0.205824, ] [0.281503, 1.47508, 1, ] [0.282028, 2, 0.206801, ] [0.284462, 1.47084, 1.00001, ] [0.29201, 2.00001, 0.215682, ] [0.29264, 1.45597, 1.00001, ] [0.322849, 1, 0, ] [0.350448, 2, 0.0641245, ] [0.350448, 2.00001, 0.0641245, ] [0.354245, 2, 0.0654694, ] [0.354245, 2.00001, 0.0654694, ] [0.356885, 2.00001, 0.0644622, ] [0.362898, 2, 0.0437791, ] [0.366346, 1, 0.447243, ] [0.366653, 2, 0, ] [0.369318, 2, 0.0615122, ] [0.376465, 2, 0.560809, ] [0.397325, 2, 0, ] [0.399169, 2, 0, ] [0.403231, 2, 0, ] [0.404814, 2, 0, ] [0.412302, 2, 0, ] [0.413739, 2, 0, ] [0.424417, 1.64367, 0.528967, ] [0.5, 1.5, 0.5, ] [0.503114, 1.75946, 0, ] [0.521695, 1.16884, 0.466902, ] [0.529656, 1.14729, 0.466914, ] [0.533601, 1.13744, 0.466618, ] [0.536993, 1.21231, 0.472053, ] [0.543799, 1.10902, 0.467337, ] [0.559571, 1, 0.483041, ] [0.570984, 1, 0.465184, ] [0.573659, 1, 0.464081, ] [0.574743, 1, 0.493531, ] [0.575349, 1, 0.462448, ] [0.575533, 1.0249, 0.461593, ] [0.577682, 1, 0.462647, ] [0.583786, 1, 0.459417, ] [0.595948, 1.15478, 1, ] [0.620813, 2, 0.831152, ] [0.621001, 2, 0.830241, ] [0.621283, 2, 0.831395, ] [0.621765, 2, 0.833598, ] [0.623612, 2, 0.832344, ] [0.635086, 2, 1, ] [0.643291, 1.7058, 1, ] [0.663922, 2, 0.85083, ] [0.677152, 1, 1, ] [0.698049, 2, 0.82028, ] [0.718938, 1, 1, ] [0.760712, 1, 1, ] [0.764581, 1, 1, ] [0.773144, 1, 1, ] [0.776985, 1.7449, 0, ] [0.777531, 1, 1, ] [0.789239, 1.75429, 0, ] [0.793869, 1.75881, 0, ] [0.796015, 1.75975, 0, ] [0.797062, 1.76157, 0, ] [0.799156, 1.7615, 0, ] [0.800909, 1, 1, ] [0.80959, 1.74642, 0.521468, ] [0.81139, 1.6458, 0.593516, ] [0.817464, 1.82632, 0, ] [0.823894, 1.64102, 0.562232, ] [0.825407, 1.64207, 0.561728, ] [0.826489, 1.63426, 0.568622, ] [0.826613, 1.63659, 0.566236, ] [0.833404, 1.62268, 0.579876, ] [0.870183, 1, -1.08968e-16, ] [1, 1.49786, 0.695098, ] [1, 1.52041, 0.735267, ] [1, 1.49656, 0.705998, ] [1, 1.56912, 0.751815, ] [1, 1, 0, ] [1, 1, 0.587716, ] [1, 1, 1, ] [1, 1.216, 0, ] [1, 1.22655, 0, ] [1, 1.24854, 0, ] [1, 1.28089, 0, ] [1, 1.40335, 0, ] [1, 1.67494, 1, ] [1, 2, 0, ] [1, 2, 0.285022, ] [1, 2, 0.313122, ] [1, 2, 0.319895, ] [1, 2, 0.321682, ] [1, 2, 0.321957, ] [1, 2, 0.32255, ] [1, 2, 0.323095, ] [1, 2, 0.423572, ] [1, 2, 1, ] [1.00001, 1.2612, 0, ] [1.00001, 1.40616, 0.523582, ] [1.00001, 1.24379, 0, ] [1.00001, 1.25328, 0, ] [1.00001, 1.49498, 0.701034, ] [1.00001, 1.49359, 0.702409, ] [1.00001, 1.49498, 0.699281, ] Polynom = [1.29611,1.23708616995,-1.020174208632,-0.75253750153,-0.44189250268,0.3169733817767,-0.7471945303613,-0.9636356315712,1.606781909524,0.418922774513] 
Error step 1 : 0.1525018234561
Error step 2 : 0.1525159039954
Distance between errors :1.408053922969e-05

Generated D0 is : [-1.83382e-16, 1.86449, 1, ] [-1.14925e-16, 1.83079, 1, ] [-1.01227e-16, 1.544, 0.512059, ] [-8.48323e-17, 1.93065, 1, ] [-5.91119e-17, 1.54784, 0.512126, ] [-5.33005e-17, 1.50747, 0.51128, ] [-2.40246e-17, 1.54239, 0.511717, ] [0, 1, 0, ] [0, 1, 0.318601, ] [0, 1, 0.66693, ] [0, 1, 0.68198, ] [0, 1, 0.706024, ] [0, 1, 0.708461, ] [0, 1, 0.708736, ] [0, 1, 0.708934, ] [0, 1, 0.709355, ] [0, 1, 0.710287, ] [0, 1, 1, ] [0, 1.08461, 0, ] [0, 1.16922, 0, ] [0, 1.17716, 0, ] [0, 1.18678, 0, ] [0, 1.18707, 0, ] [0, 1.18716, 0, ] [0, 1.1944, 0, ] [0, 1.50833, 0.488135, ] [0, 1.8508, 0, ] [0, 1.8869, 1, ] [0, 2, 0, ] [0, 2, 0.332062, ] [0, 2, 0.33368, ] [0, 2, 0.334733, ] [0, 2, 0.335192, ] [0, 2, 0.335525, ] [0, 2, 0.336099, ] [0, 2, 0.343382, ] [0, 2, 0.348493, ] [0, 2, 0.662305, ] [0, 2, 1, ] [9.57887e-19, 1.88412, 1, ] [1.20531e-17, 1.53835, 0.513291, ] [1.59128e-17, 1.16412, 0, ] [2.17027e-17, 1.88134, 1, ] [2.80398e-17, 1.54549, 0.512357, ] [3.27014e-17, 1.50106, 0.51187, ] [3.90742e-17, 1.89819, 1, ] [5.7154e-17, 1.14921, 1, ] [1.23278e-16, 1.90097, 1, ] [1.28666e-16, 1.5572, 0.512805, ] [0.0951672, 1.07028, 0, ] [0.10834, 1.09296, 0, ] [0.110011, 1.1048, 0, ] [0.116823, 1.08751, 0, ] [0.119329, 1.07077, 0, ] [0.125187, 1.08219, 0, ] [0.129818, 1, 1, ] [0.142359, 1, -6.28221e-17, ] [0.161425, 1, -2.00556e-16, ] [0.161523, 1, -2.88814e-17, ] [0.163849, 1, -5.12786e-17, ] [0.167588, 1, 4.94305e-17, ] [0.169692, 1, -1.23639e-16, ] [0.171462, 1, -1.41066e-16, ] [0.206151, 2, 0, ] [0.221263, 2, 0.303887, ] [0.265592, 2, 0.22117, ] [0.266425, 1.45823, 1.00001, ] [0.270346, 1.48741, 1.00001, ] [0.27476, 2, 0.20389, ] [0.276769, 1.48211, 1, ] [0.277474, 2, 0.204674, ] [0.279176, 1.47853, 1, ] [0.279786, 2, 0.205824, ] [0.281503, 1.47508, 1, ] [0.282028, 2, 0.206801, ] [0.284462, 1.47084, 1.00001, ] [0.29201, 2.00001, 0.215682, ] [0.29264, 1.45597, 1.00001, ] [0.322849, 1, 0, ] [0.350448, 2, 0.0641245, ] [0.350448, 2.00001, 0.0641245, ] [0.352232, 2, 0.0651229, ] [0.352232, 2.00001, 0.0651229, ] [0.354245, 2, 0.0654694, ] [0.354245, 2.00001, 0.0654694, ] [0.356885, 2.00001, 0.0644622, ] [0.362898, 2, 0.0437791, ] [0.366346, 1, 0.447243, ] [0.366653, 2, 0, ] [0.369318, 2, 0.0615122, ] [0.376465, 2, 0.560809, ] [0.397325, 2, 0, ] [0.399169, 2, 0, ] [0.401298, 2, 0, ] [0.403231, 2, 0, ] [0.404814, 2, 0, ] [0.412302, 2, 0, ] [0.413739, 2, 0, ] [0.424417, 1.64367, 0.528967, ] [0.5, 1.5, 0.5, ] [0.503114, 1.75946, 0, ] [0.521695, 1.16884, 0.466902, ] [0.529656, 1.14729, 0.466914, ] [0.531652, 1.14237, 0.466725, ] [0.533601, 1.13744, 0.466618, ] [0.536993, 1.21231, 0.472053, ] [0.543799, 1.10902, 0.467337, ] [0.559571, 1, 0.483041, ] [0.570984, 1, 0.465184, ] [0.573659, 1, 0.464081, ] [0.574545, 1, 0.463169, ] [0.574743, 1, 0.493531, ] [0.575349, 1, 0.462448, ] [0.575533, 1.0249, 0.461593, ] [0.577682, 1, 0.462647, ] [0.583786, 1, 0.459417, ] [0.595948, 1.15478, 1, ] [0.620813, 2, 0.831152, ] [0.620844, 2, 0.83071, ] [0.621001, 2, 0.830241, ] [0.621283, 2, 0.831395, ] [0.621765, 2, 0.833598, ] [0.623612, 2, 0.832344, ] [0.635086, 2, 1, ] [0.643291, 1.7058, 1, ] [0.663922, 2, 0.85083, ] [0.677152, 1, 1, ] [0.698049, 2, 0.82028, ] [0.718938, 1, 1, ] [0.760712, 1, 1, ] [0.764581, 1, 1, ] [0.769057, 1, 1, ] [0.773144, 1, 1, ] [0.776985, 1.7449, 0, ] [0.777531, 1, 1, ] [0.789239, 1.75429, 0, ] [0.793869, 1.75881, 0, ] [0.796015, 1.75975, 0, ] [0.79654, 1.76062, 0, ] [0.797062, 1.76157, 0, ] [0.799156, 1.7615, 0, ] [0.800909, 1, 1, ] [0.80959, 1.74642, 0.521468, ] [0.81139, 1.6458, 0.593516, ] [0.817464, 1.82632, 0, ] [0.823894, 1.64102, 0.562232, ] [0.825314, 1.6387, 0.564276, ] [0.825407, 1.64207, 0.561728, ] [0.826489, 1.63426, 0.568622, ] [0.826613, 1.63659, 0.566236, ] [0.833404, 1.62268, 0.579876, ] [0.870183, 1, -1.08968e-16, ] [1, 1.49786, 0.695098, ] [1, 1.52041, 0.735267, ] [1, 1.49656, 0.705998, ] [1, 1.56912, 0.751815, ] [1, 1, 0, ] [1, 1, 0.587716, ] [1, 1, 1, ] [1, 1.216, 0, ] [1, 1.22655, 0, ] [1, 1.24854, 0, ] [1, 1.28089, 0, ] [1, 1.40335, 0, ] [1, 1.67494, 1, ] [1, 2, 0, ] [1, 2, 0.285022, ] [1, 2, 0.313122, ] [1, 2, 0.319895, ] [1, 2, 0.321682, ] [1, 2, 0.321957, ] [1, 2, 0.32255, ] [1, 2, 0.322838, ] [1, 2, 0.323095, ] [1, 2, 0.423572, ] [1, 2, 1, ] [1.00001, 1.24623, 0, ] [1.00001, 1.2612, 0, ] [1.00001, 1.40616, 0.523582, ] [1.00001, 1.24379, 0, ] [1.00001, 1.25328, 0, ] [1.00001, 1.49498, 0.701034, ] [1.00001, 1.49429, 0.701642, ] [1.00001, 1.49359, 0.702409, ] [1.00001, 1.49498, 0.699281, ] Polynom = [1.29452,1.237274686083,-1.020544951746,-0.7502619489982,-0.441450801961,0.3160310499477,-0.7455223249321,-0.9642114328926,1.607400843906,0.4166992257473] 
Error step 1 : 0.1525037772186
Error step 2 : 0.1525072212196
Distance between errors :3.444001003717e-06

Generated D0 is : [-1.83382e-16, 1.86449, 1, ] [-1.14925e-16, 1.83079, 1, ] [-1.01227e-16, 1.544, 0.512059, ] [-8.48323e-17, 1.93065, 1, ] [-5.91119e-17, 1.54784, 0.512126, ] [-5.33005e-17, 1.50747, 0.51128, ] [-2.40246e-17, 1.54239, 0.511717, ] [-1.6678e-17, 1.54475, 0.512198, ] [0, 1, 0, ] [0, 1, 0.318601, ] [0, 1, 0.66693, ] [0, 1, 0.68198, ] [0, 1, 0.706024, ] [0, 1, 0.708461, ] [0, 1, 0.708736, ] [0, 1, 0.708818, ] [0, 1, 0.708934, ] [0, 1, 0.709355, ] [0, 1, 0.710287, ] [0, 1, 1, ] [0, 1.08461, 0, ] [0, 1.16922, 0, ] [0, 1.17716, 0, ] [0, 1.18678, 0, ] [0, 1.18701, 0, ] [0, 1.18707, 0, ] [0, 1.18716, 0, ] [0, 1.1944, 0, ] [0, 1.50833, 0.488135, ] [0, 1.8508, 0, ] [0, 1.8869, 1, ] [0, 2, 0, ] [0, 2, 0.332062, ] [0, 2, 0.33368, ] [0, 2, 0.334432, ] [0, 2, 0.334733, ] [0, 2, 0.335192, ] [0, 2, 0.335525, ] [0, 2, 0.336099, ] [0, 2, 0.343382, ] [0, 2, 0.348493, ] [0, 2, 0.662305, ] [0, 2, 1, ] [9.57887e-19, 1.88412, 1, ] [1.20531e-17, 1.53835, 0.513291, ] [1.59128e-17, 1.16412, 0, ] [2.17027e-17, 1.88134, 1, ] [2.80398e-17, 1.54549, 0.512357, ] [3.27014e-17, 1.50106, 0.51187, ] [3.90742e-17, 1.89819, 1, ] [5.7154e-17, 1.14921, 1, ] [1.09994e-16, 1.88544, 1, ] [1.23278e-16, 1.90097, 1, ] [1.28666e-16, 1.5572, 0.512805, ] [0.0951672, 1.07028, 0, ] [0.10834, 1.09296, 0, ] [0.110011, 1.1048, 0, ] [0.11258, 1.09031, 0, ] [0.116823, 1.08751, 0, ] [0.119329, 1.07077, 0, ] [0.125187, 1.08219, 0, ] [0.129818, 1, 1, ] [0.142359, 1, -6.28221e-17, ] [0.161425, 1, -2.00556e-16, ] [0.161523, 1, -2.88814e-17, ] [0.163849, 1, -5.12786e-17, ] [0.165733, 1, 5.03611e-17, ] [0.167588, 1, 4.94305e-17, ] [0.169692, 1, -1.23639e-16, ] [0.171462, 1, -1.41066e-16, ] [0.206151, 2, 0, ] [0.221263, 2, 0.303887, ] [0.265592, 2, 0.22117, ] [0.266425, 1.45823, 1.00001, ] [0.270346, 1.48741, 1.00001, ] [0.27476, 2, 0.20389, ] [0.276769, 1.48211, 1, ] [0.277474, 2, 0.204674, ] [0.278644, 2, 0.205219, ] [0.279176, 1.47853, 1, ] [0.279786, 2, 0.205824, ] [0.280354, 1.47678, 1.00001, ] [0.281503, 1.47508, 1, ] [0.282028, 2, 0.206801, ] [0.284462, 1.47084, 1.00001, ] [0.29201, 2.00001, 0.215682, ] [0.29264, 1.45597, 1.00001, ] [0.322849, 1, 0, ] [0.350448, 2, 0.0641245, ] [0.350448, 2.00001, 0.0641245, ] [0.352232, 2, 0.0651229, ] [0.352232, 2.00001, 0.0651229, ] [0.353219, 2, 0.0653253, ] [0.353219, 2.00001, 0.0653253, ] [0.354245, 2, 0.0654694, ] [0.354245, 2.00001, 0.0654694, ] [0.356885, 2.00001, 0.0644622, ] [0.362898, 2, 0.0437791, ] [0.366346, 1, 0.447243, ] [0.366653, 2, 0, ] [0.369318, 2, 0.0615122, ] [0.376465, 2, 0.560809, ] [0.397325, 2, 0, ] [0.399169, 2, 0, ] [0.401298, 2, 0, ] [0.402262, 2, 0, ] [0.403231, 2, 0, ] [0.404814, 2, 0, ] [0.412302, 2, 0, ] [0.413739, 2, 0, ] [0.424417, 1.64367, 0.528967, ] [0.5, 1.5, 0.5, ] [0.503114, 1.75946, 0, ] [0.521695, 1.16884, 0.466902, ] [0.529656, 1.14729, 0.466914, ] [0.531652, 1.14237, 0.466725, ] [0.532573, 1.14005, 0.466645, ] [0.533601, 1.13744, 0.466618, ] [0.536993, 1.21231, 0.472053, ] [0.543799, 1.10902, 0.467337, ] [0.559571, 1, 0.483041, ] [0.570984, 1, 0.465184, ] [0.573659, 1, 0.464081, ] [0.574545, 1, 0.463169, ] [0.574743, 1, 0.493531, ] [0.574938, 1, 0.462777, ] [0.575349, 1, 0.462448, ] [0.575533, 1.0249, 0.461593, ] [0.577682, 1, 0.462647, ] [0.583786, 1, 0.459417, ] [0.595948, 1.15478, 1, ] [0.620813, 2, 0.831152, ] [0.620817, 2, 0.83093, ] [0.620844, 2, 0.83071, ] [0.621001, 2, 0.830241, ] [0.621283, 2, 0.831395, ] [0.621765, 2, 0.833598, ] [0.623612, 2, 0.832344, ] [0.635086, 2, 1, ] [0.643291, 1.7058, 1, ] [0.663922, 2, 0.85083, ] [0.677152, 1, 1, ] [0.698049, 2, 0.82028, ] [0.718938, 1, 1, ] [0.760712, 1, 1, ] [0.764581, 1, 1, ] [0.769057, 1, 1, ] [0.771103, 1, 1, ] [0.773144, 1, 1, ] [0.776985, 1.7449, 0, ] [0.777531, 1, 1, ] [0.789239, 1.75429, 0, ] [0.793869, 1.75881, 0, ] [0.796015, 1.75975, 0, ] [0.796282, 1.76017, 0, ] [0.79654, 1.76062, 0, ] [0.797062, 1.76157, 0, ] [0.799156, 1.7615, 0, ] [0.800909, 1, 1, ] [0.80959, 1.74642, 0.521468, ] [0.81139, 1.6458, 0.593516, ] [0.817464, 1.82632, 0, ] [0.823894, 1.64102, 0.562232, ] [0.825314, 1.6387, 0.564276, ] [0.825407, 1.64207, 0.561728, ] [0.82597, 1.63763, 0.565255, ] [0.826489, 1.63426, 0.568622, ] [0.826613, 1.63659, 0.566236, ] [0.833404, 1.62268, 0.579876, ] [0.870183, 1, -1.08968e-16, ] [1, 1.49786, 0.695098, ] [1, 1.52041, 0.735267, ] [1, 1.49656, 0.705998, ] [1, 1.56912, 0.751815, ] [1, 1.24731, 0, ] [1, 1, 0, ] [1, 1, 0.587716, ] [1, 1, 1, ] [1, 1.216, 0, ] [1, 1.22655, 0, ] [1, 1.24854, 0, ] [1, 1.28089, 0, ] [1, 1.40335, 0, ] [1, 1.67494, 1, ] [1, 2, 0, ] [1, 2, 0.285022, ] [1, 2, 0.313122, ] [1, 2, 0.319895, ] [1, 2, 0.321682, ] [1, 2, 0.321957, ] [1, 2, 0.32255, ] [1, 2, 0.322692, ] [1, 2, 0.322838, ] [1, 2, 0.323095, ] [1, 2, 0.423572, ] [1, 2, 1, ] [1.00001, 1.24623, 0, ] [1.00001, 1.2612, 0, ] [1.00001, 1.40616, 0.523582, ] [1.00001, 1.24379, 0, ] [1.00001, 1.25328, 0, ] [1.00001, 1.49498, 0.701034, ] [1.00001, 1.49464, 0.701337, ] [1.00001, 1.49429, 0.701642, ] [1.00001, 1.49359, 0.702409, ] [1.00001, 1.49498, 0.699281, ] Polynom = [1.29532,1.23716680619,-1.020354028797,-0.7513975372732,-0.4416665896602,0.3164987831455,-0.7463555803707,-0.9639225260158,1.607097166226,0.4177983576993] 
Error step 1 : 0.152504457871
Error step 2 : 0.1525053286643
Distance between errors :8.707933229491e-07

Generated D0 is : [-1.83382e-16, 1.86449, 1, ] [-1.14925e-16, 1.83079, 1, ] [-1.01227e-16, 1.544, 0.512059, ] [-8.48323e-17, 1.93065, 1, ] [-5.91119e-17, 1.54784, 0.512126, ] [-5.33005e-17, 1.50747, 0.51128, ] [-2.40246e-17, 1.54239, 0.511717, ] [-1.70371e-17, 1.54438, 0.512126, ] [-1.6678e-17, 1.54475, 0.512198, ] [0, 1, 0, ] [0, 1, 0.318601, ] [0, 1, 0.66693, ] [0, 1, 0.68198, ] [0, 1, 0.706024, ] [0, 1, 0.708461, ] [0, 1, 0.708736, ] [0, 1, 0.708777, ] [0, 1, 0.708818, ] [0, 1, 0.708934, ] [0, 1, 0.709355, ] [0, 1, 0.710287, ] [0, 1, 1, ] [0, 1.08461, 0, ] [0, 1.16922, 0, ] [0, 1.17716, 0, ] [0, 1.18678, 0, ] [0, 1.18701, 0, ] [0, 1.18705, 0, ] [0, 1.18707, 0, ] [0, 1.18716, 0, ] [0, 1.1944, 0, ] [0, 1.50833, 0.488135, ] [0, 1.8508, 0, ] [0, 1.8869, 1, ] [0, 2, 0, ] [0, 2, 0.332062, ] [0, 2, 0.33368, ] [0, 2, 0.334057, ] [0, 2, 0.334432, ] [0, 2, 0.334733, ] [0, 2, 0.335192, ] [0, 2, 0.335525, ] [0, 2, 0.336099, ] [0, 2, 0.343382, ] [0, 2, 0.348493, ] [0, 2, 0.662305, ] [0, 2, 1, ] [9.57887e-19, 1.88412, 1, ] [1.20531e-17, 1.53835, 0.513291, ] [1.59128e-17, 1.16412, 0, ] [2.17027e-17, 1.88134, 1, ] [2.80398e-17, 1.54549, 0.512357, ] [3.27014e-17, 1.50106, 0.51187, ] [3.90742e-17, 1.89819, 1, ] [5.25597e-17, 1.88479, 1, ] [5.7154e-17, 1.14921, 1, ] [1.09994e-16, 1.88544, 1, ] [1.23278e-16, 1.90097, 1, ] [1.28666e-16, 1.5572, 0.512805, ] [0.0951672, 1.07028, 0, ] [0.10834, 1.09296, 0, ] [0.110011, 1.1048, 0, ] [0.11258, 1.09031, 0, ] [0.114705, 1.08891, 0, ] [0.116823, 1.08751, 0, ] [0.119329, 1.07077, 0, ] [0.125187, 1.08219, 0, ] [0.129818, 1, 1, ] [0.142359, 1, -6.28221e-17, ] [0.161425, 1, -2.00556e-16, ] [0.161523, 1, -2.88814e-17, ] [0.163849, 1, -5.12786e-17, ] [0.165733, 1, 5.03611e-17, ] [0.166658, 1, 1.6508e-16, ] [0.167588, 1, 4.94305e-17, ] [0.169692, 1, -1.23639e-16, ] [0.171462, 1, -1.41066e-16, ] [0.206151, 2, 0, ] [0.221263, 2, 0.303887, ] [0.265592, 2, 0.22117, ] [0.266425, 1.45823, 1.00001, ] [0.270346, 1.48741, 1.00001, ] [0.27476, 2, 0.20389, ] [0.276769, 1.48211, 1, ] [0.277474, 2, 0.204674, ] [0.278074, 2, 0.204929, ] [0.278644, 2, 0.205219, ] [0.279176, 1.47853, 1, ] [0.279783, 1.47763, 1, ] [0.279786, 2, 0.205824, ] [0.280354, 1.47678, 1.00001, ] [0.281503, 1.47508, 1, ] [0.282028, 2, 0.206801, ] [0.284462, 1.47084, 1.00001, ] [0.29201, 2.00001, 0.215682, ] [0.29264, 1.45597, 1.00001, ] [0.322849, 1, 0, ] [0.350448, 2, 0.0641245, ] [0.350448, 2.00001, 0.0641245, ] [0.352232, 2, 0.0651229, ] [0.352232, 2.00001, 0.0651229, ] [0.352716, 2, 0.0652457, ] [0.352716, 2.00001, 0.0652457, ] [0.353219, 2, 0.0653253, ] [0.353219, 2.00001, 0.0653253, ] [0.354245, 2, 0.0654694, ] [0.354245, 2.00001, 0.0654694, ] [0.356885, 2.00001, 0.0644622, ] [0.362898, 2, 0.0437791, ] [0.366346, 1, 0.447243, ] [0.366653, 2, 0, ] [0.369318, 2, 0.0615122, ] [0.376465, 2, 0.560809, ] [0.397325, 2, 0, ] [0.399169, 2, 0, ] [0.401298, 2, 0, ] [0.401785, 2, 0, ] [0.402262, 2, 0, ] [0.403231, 2, 0, ] [0.404814, 2, 0, ] [0.412302, 2, 0, ] [0.413739, 2, 0, ] [0.424417, 1.64367, 0.528967, ] [0.5, 1.5, 0.5, ] [0.503114, 1.75946, 0, ] [0.521695, 1.16884, 0.466902, ] [0.529656, 1.14729, 0.466914, ] [0.531652, 1.14237, 0.466725, ] [0.532112, 1.14121, 0.466682, ] [0.532573, 1.14005, 0.466645, ] [0.533601, 1.13744, 0.466618, ] [0.536993, 1.21231, 0.472053, ] [0.543799, 1.10902, 0.467337, ] [0.559571, 1, 0.483041, ] [0.570984, 1, 0.465184, ] [0.573659, 1, 0.464081, ] [0.574545, 1, 0.463169, ] [0.574743, 1, 0.493531, ] [0.574744, 1, 0.462967, ] [0.574938, 1, 0.462777, ] [0.575349, 1, 0.462448, ] [0.575533, 1.0249, 0.461593, ] [0.577682, 1, 0.462647, ] [0.583786, 1, 0.459417, ] [0.595948, 1.15478, 1, ] [0.620813, 2, 0.831152, ] [0.620817, 2, 0.83093, ] [0.620826, 2, 0.830818, ] [0.620844, 2, 0.83071, ] [0.621001, 2, 0.830241, ] [0.621283, 2, 0.831395, ] [0.621765, 2, 0.833598, ] [0.623612, 2, 0.832344, ] [0.635086, 2, 1, ] [0.643291, 1.7058, 1, ] [0.663922, 2, 0.85083, ] [0.677152, 1, 1, ] [0.698049, 2, 0.82028, ] [0.718938, 1, 1, ] [0.760712, 1, 1, ] [0.764581, 1, 1, ] [0.769057, 1, 1, ] [0.770089, 1, 1, ] [0.771103, 1, 1, ] [0.773144, 1, 1, ] [0.776985, 1.7449, 0, ] [0.777531, 1, 1, ] [0.789239, 1.75429, 0, ] [0.793869, 1.75881, 0, ] [0.796015, 1.75975, 0, ] [0.796282, 1.76017, 0, ] [0.796408, 1.76039, 0, ] [0.79654, 1.76062, 0, ] [0.797062, 1.76157, 0, ] [0.799156, 1.7615, 0, ] [0.800909, 1, 1, ] [0.80959, 1.74642, 0.521468, ] [0.81139, 1.6458, 0.593516, ] [0.817464, 1.82632, 0, ] [0.823894, 1.64102, 0.562232, ] [0.825314, 1.6387, 0.564276, ] [0.825407, 1.64207, 0.561728, ] [0.825642, 1.63816, 0.564768, ] [0.82597, 1.63763, 0.565255, ] [0.826489, 1.63426, 0.568622, ] [0.826613, 1.63659, 0.566236, ] [0.833404, 1.62268, 0.579876, ] [0.870183, 1, -1.08968e-16, ] [1, 1.49786, 0.695098, ] [1, 1.52041, 0.735267, ] [1, 1.49656, 0.705998, ] [1, 1.56912, 0.751815, ] [1, 1.24731, 0, ] [1, 1, 0, ] [1, 1, 0.587716, ] [1, 1, 1, ] [1, 1.216, 0, ] [1, 1.22655, 0, ] [1, 1.24854, 0, ] [1, 1.28089, 0, ] [1, 1.40335, 0, ] [1, 1.67494, 1, ] [1, 2, 0, ] [1, 2, 0.285022, ] [1, 2, 0.313122, ] [1, 2, 0.319895, ] [1, 2, 0.321682, ] [1, 2, 0.321957, ] [1, 2, 0.32255, ] [1, 2, 0.322692, ] [1, 2, 0.322764, ] [1, 2, 0.322838, ] [1, 2, 0.323095, ] [1, 2, 0.423572, ] [1, 2, 1, ] [1.00001, 1.24623, 0, ] [1.00001, 1.24677, 0, ] [1.00001, 1.2612, 0, ] [1.00001, 1.40616, 0.523582, ] [1.00001, 1.24379, 0, ] [1.00001, 1.25328, 0, ] [1.00001, 1.49498, 0.701034, ] [1.00001, 1.49464, 0.701337, ] [1.00001, 1.49446, 0.701486, ] [1.00001, 1.49429, 0.701642, ] [1.00001, 1.49359, 0.702409, ] [1.00001, 1.49498, 0.699281, ] Polynom = [1.29492,1.237217399673,-1.020448119868,-0.7508291801567,-0.4415574614931,0.3162640585355,-0.7459382480419,-0.9640667301507,1.607250437446,0.4172456850343] 
Error step 1 : 0.1525045229758
Error step 2 : 0.1525047394389
Distance between errors :2.164631621449e-07

Generated D0 is : [-1.83382e-16, 1.86449, 1, ] [-1.14925e-16, 1.83079, 1, ] [-1.01227e-16, 1.544, 0.512059, ] [-9.01195e-17, 1.54457, 0.512162, ] [-8.48323e-17, 1.93065, 1, ] [-5.91119e-17, 1.54784, 0.512126, ] [-5.33005e-17, 1.50747, 0.51128, ] [-2.40246e-17, 1.54239, 0.511717, ] [-1.70371e-17, 1.54438, 0.512126, ] [-1.6678e-17, 1.54475, 0.512198, ] [0, 1, 0, ] [0, 1, 0.318601, ] [0, 1, 0.66693, ] [0, 1, 0.68198, ] [0, 1, 0.706024, ] [0, 1, 0.708461, ] [0, 1, 0.708736, ] [0, 1, 0.708777, ] [0, 1, 0.708797, ] [0, 1, 0.708818, ] [0, 1, 0.708934, ] [0, 1, 0.709355, ] [0, 1, 0.710287, ] [0, 1, 1, ] [0, 1.08461, 0, ] [0, 1.16922, 0, ] [0, 1.17716, 0, ] [0, 1.18678, 0, ] [0, 1.18701, 0, ] [0, 1.18703, 0, ] [0, 1.18705, 0, ] [0, 1.18707, 0, ] [0, 1.18716, 0, ] [0, 1.1944, 0, ] [0, 1.50833, 0.488135, ] [0, 1.8508, 0, ] [0, 1.8869, 1, ] [0, 2, 0, ] [0, 2, 0.332062, ] [0, 2, 0.33368, ] [0, 2, 0.334057, ] [0, 2, 0.334245, ] [0, 2, 0.334432, ] [0, 2, 0.334733, ] [0, 2, 0.335192, ] [0, 2, 0.335525, ] [0, 2, 0.336099, ] [0, 2, 0.343382, ] [0, 2, 0.348493, ] [0, 2, 0.662305, ] [0, 2, 1, ] [9.57887e-19, 1.88412, 1, ] [1.20531e-17, 1.53835, 0.513291, ] [1.59128e-17, 1.16412, 0, ] [2.17027e-17, 1.88134, 1, ] [2.80398e-17, 1.54549, 0.512357, ] [3.27014e-17, 1.50106, 0.51187, ] [3.90742e-17, 1.89819, 1, ] [5.25597e-17, 1.88479, 1, ] [5.7154e-17, 1.14921, 1, ] [1.0657e-16, 1.88512, 1, ] [1.09994e-16, 1.88544, 1, ] [1.23278e-16, 1.90097, 1, ] [1.28666e-16, 1.5572, 0.512805, ] [0.0951672, 1.07028, 0, ] [0.10834, 1.09296, 0, ] [0.110011, 1.1048, 0, ] [0.11258, 1.09031, 0, ] [0.113644, 1.08961, 0, ] [0.114705, 1.08891, 0, ] [0.116823, 1.08751, 0, ] [0.119329, 1.07077, 0, ] [0.125187, 1.08219, 0, ] [0.129818, 1, 1, ] [0.142359, 1, -6.28221e-17, ] [0.161425, 1, -2.00556e-16, ] [0.161523, 1, -2.88814e-17, ] [0.163849, 1, -5.12786e-17, ] [0.165733, 1, 5.03611e-17, ] [0.166195, 1, 5.01327e-17, ] [0.166658, 1, 1.6508e-16, ] [0.167588, 1, 4.94305e-17, ] [0.169692, 1, -1.23639e-16, ] [0.171462, 1, -1.41066e-16, ] [0.206151, 2, 0, ] [0.221263, 2, 0.303887, ] [0.265592, 2, 0.22117, ] [0.266425, 1.45823, 1.00001, ] [0.270346, 1.48741, 1.00001, ] [0.27476, 2, 0.20389, ] [0.276769, 1.48211, 1, ] [0.277474, 2, 0.204674, ] [0.278074, 2, 0.204929, ] [0.278363, 2, 0.20507, ] [0.278644, 2, 0.205219, ] [0.279176, 1.47853, 1, ] [0.279783, 1.47763, 1, ] [0.279786, 2, 0.205824, ] [0.280073, 1.4772, 1.00001, ] [0.280354, 1.47678, 1.00001, ] [0.281503, 1.47508, 1, ] [0.282028, 2, 0.206801, ] [0.284462, 1.47084, 1.00001, ] [0.29201, 2.00001, 0.215682, ] [0.29264, 1.45597, 1.00001, ] [0.322849, 1, 0, ] [0.350448, 2, 0.0641245, ] [0.350448, 2.00001, 0.0641245, ] [0.352232, 2, 0.0651229, ] [0.352232, 2.00001, 0.0651229, ] [0.352716, 2, 0.0652457, ] [0.352716, 2.00001, 0.0652457, ] [0.352965, 2, 0.0652909, ] [0.352965, 2.00001, 0.0652909, ] [0.353219, 2, 0.0653253, ] [0.353219, 2.00001, 0.0653253, ] [0.354245, 2, 0.0654694, ] [0.354245, 2.00001, 0.0654694, ] [0.356885, 2.00001, 0.0644622, ] [0.362898, 2, 0.0437791, ] [0.366346, 1, 0.447243, ] [0.366653, 2, 0, ] [0.369318, 2, 0.0615122, ] [0.376465, 2, 0.560809, ] [0.397325, 2, 0, ] [0.399169, 2, 0, ] [0.401298, 2, 0, ] [0.401785, 2, 0, ] [0.402025, 2, 0, ] [0.402262, 2, 0, ] [0.403231, 2, 0, ] [0.404814, 2, 0, ] [0.412302, 2, 0, ] [0.413739, 2, 0, ] [0.424417, 1.64367, 0.528967, ] [0.5, 1.5, 0.5, ] [0.503114, 1.75946, 0, ] [0.521695, 1.16884, 0.466902, ] [0.529656, 1.14729, 0.466914, ] [0.531652, 1.14237, 0.466725, ] [0.532112, 1.14121, 0.466682, ] [0.532343, 1.14063, 0.466663, ] [0.532573, 1.14005, 0.466645, ] [0.533601, 1.13744, 0.466618, ] [0.536993, 1.21231, 0.472053, ] [0.543799, 1.10902, 0.467337, ] [0.559571, 1, 0.483041, ] [0.570984, 1, 0.465184, ] [0.573659, 1, 0.464081, ] [0.574545, 1, 0.463169, ] [0.574743, 1, 0.493531, ] [0.574744, 1, 0.462967, ] [0.574842, 1, 0.46287, ] [0.574938, 1, 0.462777, ] [0.575349, 1, 0.462448, ] [0.575533, 1.0249, 0.461593, ] [0.577682, 1, 0.462647, ] [0.583786, 1, 0.459417, ] [0.595948, 1.15478, 1, ] [0.620813, 2, 0.831152, ] [0.620817, 2, 0.83093, ] [0.62082, 2, 0.830874, ] [0.620826, 2, 0.830818, ] [0.620844, 2, 0.83071, ] [0.621001, 2, 0.830241, ] [0.621283, 2, 0.831395, ] [0.621765, 2, 0.833598, ] [0.623612, 2, 0.832344, ] [0.635086, 2, 1, ] [0.643291, 1.7058, 1, ] [0.663922, 2, 0.85083, ] [0.677152, 1, 1, ] [0.698049, 2, 0.82028, ] [0.718938, 1, 1, ] [0.760712, 1, 1, ] [0.764581, 1, 1, ] [0.769057, 1, 1, ] [0.770089, 1, 1, ] [0.770598, 1, 1, ] [0.771103, 1, 1, ] [0.773144, 1, 1, ] [0.776985, 1.7449, 0, ] [0.777531, 1, 1, ] [0.789239, 1.75429, 0, ] [0.793869, 1.75881, 0, ] [0.796015, 1.75975, 0, ] [0.796282, 1.76017, 0, ] [0.796345, 1.76028, 0, ] [0.796408, 1.76039, 0, ] [0.79654, 1.76062, 0, ] [0.797062, 1.76157, 0, ] [0.799156, 1.7615, 0, ] [0.800909, 1, 1, ] [0.80959, 1.74642, 0.521468, ] [0.81139, 1.6458, 0.593516, ] [0.817464, 1.82632, 0, ] [0.823894, 1.64102, 0.562232, ] [0.825314, 1.6387, 0.564276, ] [0.825407, 1.64207, 0.561728, ] [0.825642, 1.63816, 0.564768, ] [0.825806, 1.63789, 0.565012, ] [0.82597, 1.63763, 0.565255, ] [0.826489, 1.63426, 0.568622, ] [0.826613, 1.63659, 0.566236, ] [0.833404, 1.62268, 0.579876, ] [0.870183, 1, -1.08968e-16, ] [1, 1.49786, 0.695098, ] [1, 1.52041, 0.735267, ] [1, 1.49656, 0.705998, ] [1, 1.56912, 0.751815, ] [1, 1.24731, 0, ] [1, 1, 0, ] [1, 1, 0.587716, ] [1, 1, 1, ] [1, 1.216, 0, ] [1, 1.22655, 0, ] [1, 1.24704, 0, ] [1, 1.24854, 0, ] [1, 1.28089, 0, ] [1, 1.40335, 0, ] [1, 1.67494, 1, ] [1, 2, 0, ] [1, 2, 0.285022, ] [1, 2, 0.313122, ] [1, 2, 0.319895, ] [1, 2, 0.321682, ] [1, 2, 0.321957, ] [1, 2, 0.32255, ] [1, 2, 0.322692, ] [1, 2, 0.322728, ] [1, 2, 0.322764, ] [1, 2, 0.322838, ] [1, 2, 0.323095, ] [1, 2, 0.423572, ] [1, 2, 1, ] [1.00001, 1.24623, 0, ] [1.00001, 1.24677, 0, ] [1.00001, 1.2612, 0, ] [1.00001, 1.40616, 0.523582, ] [1.00001, 1.24379, 0, ] [1.00001, 1.25328, 0, ] [1.00001, 1.49498, 0.701034, ] [1.00001, 1.49464, 0.701337, ] [1.00001, 1.49455, 0.701411, ] [1.00001, 1.49446, 0.701486, ] [1.00001, 1.49429, 0.701642, ] [1.00001, 1.49359, 0.702409, ] [1.00001, 1.49498, 0.699281, ] Polynom = [1.29473,1.237242605219,-1.020494833909,-0.7505463103298,-0.4415033624094,0.3161473099842,-0.7457312220844,-0.9641382502131,1.607326531976,0.4169714185785] 
Error step 1 : 0.1525045552821
Error step 2 : 0.1525046092443
Distance between errors :5.396225627453e-08

Generated D0 is : [-1.83382e-16, 1.86449, 1, ] [-1.14925e-16, 1.83079, 1, ] [-1.01227e-16, 1.544, 0.512059, ] [-9.01195e-17, 1.54457, 0.512162, ] [-8.48323e-17, 1.93065, 1, ] [-5.91119e-17, 1.54784, 0.512126, ] [-5.33005e-17, 1.50747, 0.51128, ] [-2.40246e-17, 1.54239, 0.511717, ] [-1.70371e-17, 1.54438, 0.512126, ] [-1.6678e-17, 1.54475, 0.512198, ] [-1.51311e-17, 1.54466, 0.512179, ] [0, 1, 0, ] [0, 1, 0.318601, ] [0, 1, 0.66693, ] [0, 1, 0.68198, ] [0, 1, 0.706024, ] [0, 1, 0.708461, ] [0, 1, 0.708736, ] [0, 1, 0.708777, ] [0, 1, 0.708797, ] [0, 1, 0.708808, ] [0, 1, 0.708818, ] [0, 1, 0.708934, ] [0, 1, 0.709355, ] [0, 1, 0.710287, ] [0, 1, 1, ] [0, 1.08461, 0, ] [0, 1.16922, 0, ] [0, 1.17716, 0, ] [0, 1.18678, 0, ] [0, 1.18701, 0, ] [0, 1.18702, 0, ] [0, 1.18703, 0, ] [0, 1.18705, 0, ] [0, 1.18707, 0, ] [0, 1.18716, 0, ] [0, 1.1944, 0, ] [0, 1.50833, 0.488135, ] [0, 1.8508, 0, ] [0, 1.8869, 1, ] [0, 2, 0, ] [0, 2, 0.332062, ] [0, 2, 0.33368, ] [0, 2, 0.334057, ] [0, 2, 0.334245, ] [0, 2, 0.334338, ] [0, 2, 0.334432, ] [0, 2, 0.334733, ] [0, 2, 0.335192, ] [0, 2, 0.335525, ] [0, 2, 0.336099, ] [0, 2, 0.343382, ] [0, 2, 0.348493, ] [0, 2, 0.662305, ] [0, 2, 1, ] [9.57887e-19, 1.88412, 1, ] [1.20531e-17, 1.53835, 0.513291, ] [1.59128e-17, 1.16412, 0, ] [2.17027e-17, 1.88134, 1, ] [2.80398e-17, 1.54549, 0.512357, ] [3.27014e-17, 1.50106, 0.51187, ] [3.90742e-17, 1.89819, 1, ] [5.25597e-17, 1.88479, 1, ] [5.68878e-17, 1.88528, 1, ] [5.7154e-17, 1.14921, 1, ] [1.0657e-16, 1.88512, 1, ] [1.09994e-16, 1.88544, 1, ] [1.23278e-16, 1.90097, 1, ] [1.28666e-16, 1.5572, 0.512805, ] [0.0951672, 1.07028, 0, ] [0.10834, 1.09296, 0, ] [0.110011, 1.1048, 0, ] [0.11258, 1.09031, 0, ] [0.113112, 1.08996, 0, ] [0.113644, 1.08961, 0, ] [0.114705, 1.08891, 0, ] [0.116823, 1.08751, 0, ] [0.119329, 1.07077, 0, ] [0.125187, 1.08219, 0, ] [0.129818, 1, 1, ] [0.142359, 1, -6.28221e-17, ] [0.161425, 1, -2.00556e-16, ] [0.161523, 1, -2.88814e-17, ] [0.163849, 1, -5.12786e-17, ] [0.165733, 1, 5.03611e-17, ] [0.165965, 1, -5.02473e-17, ] [0.166195, 1, 5.01327e-17, ] [0.166658, 1, 1.6508e-16, ] [0.167588, 1, 4.94305e-17, ] [0.169692, 1, -1.23639e-16, ] [0.171462, 1, -1.41066e-16, ] [0.206151, 2, 0, ] [0.221263, 2, 0.303887, ] [0.265592, 2, 0.22117, ] [0.266425, 1.45823, 1.00001, ] [0.270346, 1.48741, 1.00001, ] [0.27476, 2, 0.20389, ] [0.276769, 1.48211, 1, ] [0.277474, 2, 0.204674, ] [0.278074, 2, 0.204929, ] [0.278363, 2, 0.20507, ] [0.278506, 2, 0.20514, ] [0.278644, 2, 0.205219, ] [0.279176, 1.47853, 1, ] [0.279783, 1.47763, 1, ] [0.279786, 2, 0.205824, ] [0.280073, 1.4772, 1.00001, ] [0.280216, 1.47699, 1.00001, ] [0.280354, 1.47678, 1.00001, ] [0.281503, 1.47508, 1, ] [0.282028, 2, 0.206801, ] [0.284462, 1.47084, 1.00001, ] [0.29201, 2.00001, 0.215682, ] [0.29264, 1.45597, 1.00001, ] [0.322849, 1, 0, ] [0.350448, 2, 0.0641245, ] [0.350448, 2.00001, 0.0641245, ] [0.352232, 2, 0.0651229, ] [0.352232, 2.00001, 0.0651229, ] [0.352716, 2, 0.0652457, ] [0.352716, 2.00001, 0.0652457, ] [0.352965, 2, 0.0652909, ] [0.352965, 2.00001, 0.0652909, ] [0.353089, 2, 0.0653129, ] [0.353089, 2.00001, 0.0653129, ] [0.353219, 2, 0.0653253, ] [0.353219, 2.00001, 0.0653253, ] [0.354245, 2, 0.0654694, ] [0.354245, 2.00001, 0.0654694, ] [0.356885, 2.00001, 0.0644622, ] [0.362898, 2, 0.0437791, ] [0.366346, 1, 0.447243, ] [0.366653, 2, 0, ] [0.369318, 2, 0.0615122, ] [0.376465, 2, 0.560809, ] [0.397325, 2, 0, ] [0.399169, 2, 0, ] [0.401298, 2, 0, ] [0.401785, 2, 0, ] [0.402025, 2, 0, ] [0.402144, 2, 0, ] [0.402262, 2, 0, ] [0.403231, 2, 0, ] [0.404814, 2, 0, ] [0.412302, 2, 0, ] [0.413739, 2, 0, ] [0.424417, 1.64367, 0.528967, ] [0.5, 1.5, 0.5, ] [0.503114, 1.75946, 0, ] [0.521695, 1.16884, 0.466902, ] [0.529656, 1.14729, 0.466914, ] [0.531652, 1.14237, 0.466725, ] [0.532112, 1.14121, 0.466682, ] [0.532343, 1.14063, 0.466663, ] [0.532458, 1.14035, 0.466653, ] [0.532573, 1.14005, 0.466645, ] [0.533601, 1.13744, 0.466618, ] [0.536993, 1.21231, 0.472053, ] [0.543799, 1.10902, 0.467337, ] [0.559571, 1, 0.483041, ] [0.570984, 1, 0.465184, ] [0.573659, 1, 0.464081, ] [0.574545, 1, 0.463169, ] [0.574743, 1, 0.493531, ] [0.574744, 1, 0.462967, ] [0.574842, 1, 0.46287, ] [0.57489, 1, 0.462823, ] [0.574938, 1, 0.462777, ] [0.575349, 1, 0.462448, ] [0.575533, 1.0249, 0.461593, ] [0.577682, 1, 0.462647, ] [0.583786, 1, 0.459417, ] [0.595948, 1.15478, 1, ] [0.620813, 2, 0.831152, ] [0.620817, 2, 0.83093, ] [0.620818, 2, 0.830901, ] [0.62082, 2, 0.830874, ] [0.620826, 2, 0.830818, ] [0.620844, 2, 0.83071, ] [0.621001, 2, 0.830241, ] [0.621283, 2, 0.831395, ] [0.621765, 2, 0.833598, ] [0.623612, 2, 0.832344, ] [0.635086, 2, 1, ] [0.643291, 1.7058, 1, ] [0.663922, 2, 0.85083, ] [0.677152, 1, 1, ] [0.698049, 2, 0.82028, ] [0.718938, 1, 1, ] [0.760712, 1, 1, ] [0.764581, 1, 1, ] [0.769057, 1, 1, ] [0.770089, 1, 1, ] [0.770598, 1, 1, ] [0.770851, 1, 1, ] [0.771103, 1, 1, ] [0.773144, 1, 1, ] [0.776985, 1.7449, 0, ] [0.777531, 1, 1, ] [0.789239, 1.75429, 0, ] [0.793869, 1.75881, 0, ] [0.796015, 1.75975, 0, ] [0.796282, 1.76017, 0, ] [0.796313, 1.76022, 0, ] [0.796345, 1.76028, 0, ] [0.796408, 1.76039, 0, ] [0.79654, 1.76062, 0, ] [0.797062, 1.76157, 0, ] [0.799156, 1.7615, 0, ] [0.800909, 1, 1, ] [0.80959, 1.74642, 0.521468, ] [0.81139, 1.6458, 0.593516, ] [0.817464, 1.82632, 0, ] [0.823894, 1.64102, 0.562232, ] [0.825314, 1.6387, 0.564276, ] [0.825407, 1.64207, 0.561728, ] [0.825642, 1.63816, 0.564768, ] [0.825806, 1.63789, 0.565012, ] [0.825888, 1.63776, 0.565134, ] [0.82597, 1.63763, 0.565255, ] [0.826489, 1.63426, 0.568622, ] [0.826613, 1.63659, 0.566236, ] [0.833404, 1.62268, 0.579876, ] [0.870183, 1, -1.08968e-16, ] [1, 1.49786, 0.695098, ] [1, 1.52041, 0.735267, ] [1, 1.49656, 0.705998, ] [1, 1.56912, 0.751815, ] [1, 1.24731, 0, ] [1, 1, 0, ] [1, 1, 0.587716, ] [1, 1, 1, ] [1, 1.216, 0, ] [1, 1.22655, 0, ] [1, 1.24704, 0, ] [1, 1.24717, 0, ] [1, 1.24854, 0, ] [1, 1.28089, 0, ] [1, 1.40335, 0, ] [1, 1.67494, 1, ] [1, 2, 0, ] [1, 2, 0.285022, ] [1, 2, 0.313122, ] [1, 2, 0.319895, ] [1, 2, 0.321682, ] [1, 2, 0.321957, ] [1, 2, 0.32255, ] [1, 2, 0.322692, ] [1, 2, 0.32271, ] [1, 2, 0.322728, ] [1, 2, 0.322764, ] [1, 2, 0.322838, ] [1, 2, 0.323095, ] [1, 2, 0.423572, ] [1, 2, 1, ] [1.00001, 1.24623, 0, ] [1.00001, 1.24677, 0, ] [1.00001, 1.2612, 0, ] [1.00001, 1.40616, 0.523582, ] [1.00001, 1.24379, 0, ] [1.00001, 1.25328, 0, ] [1.00001, 1.49498, 0.701034, ] [1.00001, 1.49464, 0.701337, ] [1.00001, 1.49459, 0.701373, ] [1.00001, 1.49455, 0.701411, ] [1.00001, 1.49446, 0.701486, ] [1.00001, 1.49429, 0.701642, ] [1.00001, 1.49359, 0.702409, ] [1.00001, 1.49498, 0.699281, ] Polynom = [1.29462,1.237262367555,-1.020489295535,-0.7503968112476,-0.441530866422,0.3161048284314,-0.7458003575035,-0.9641103062035,1.607317325843,0.4170359703761] 
Error step 1 : 0.152504563546
Error step 2 : 0.1525045816152
Distance between errors :1.806914590175e-08

Generated D0 is : [-1.83382e-16, 1.86449, 1, ] [-1.14925e-16, 1.83079, 1, ] [-1.01227e-16, 1.544, 0.512059, ] [-9.01195e-17, 1.54457, 0.512162, ] [-8.48323e-17, 1.93065, 1, ] [-5.91119e-17, 1.54784, 0.512126, ] [-5.33005e-17, 1.50747, 0.51128, ] [-2.40246e-17, 1.54239, 0.511717, ] [-1.70371e-17, 1.54438, 0.512126, ] [-1.6678e-17, 1.54475, 0.512198, ] [-1.51311e-17, 1.54466, 0.512179, ] [-9.57945e-18, 1.54464, 0.51217, ] [-1.75376e-18, 1.88534, 1, ] [0, 1, 0, ] [0, 1, 0.318601, ] [0, 1, 0.66693, ] [0, 1, 0.68198, ] [0, 1, 0.706024, ] [0, 1, 0.708461, ] [0, 1, 0.708736, ] [0, 1, 0.708777, ] [0, 1, 0.708797, ] [0, 1, 0.708808, ] [0, 1, 0.708808, ] [0, 1, 0.708818, ] [0, 1, 0.708934, ] [0, 1, 0.709355, ] [0, 1, 0.710287, ] [0, 1, 1, ] [0, 1.08461, 0, ] [0, 1.16922, 0, ] [0, 1.17716, 0, ] [0, 1.18678, 0, ] [0, 1.18695, 0, ] [0, 1.18701, 0, ] [0, 1.18702, 0, ] [0, 1.18703, 0, ] [0, 1.18705, 0, ] [0, 1.18707, 0, ] [0, 1.18716, 0, ] [0, 1.1944, 0, ] [0, 1.50833, 0.488135, ] [0, 1.8508, 0, ] [0, 1.8869, 1, ] [0, 2, 0, ] [0, 2, 0.332062, ] [0, 2, 0.33368, ] [0, 2, 0.334057, ] [0, 2, 0.334245, ] [0, 2, 0.334309, ] [0, 2, 0.334338, ] [0, 2, 0.334432, ] [0, 2, 0.334733, ] [0, 2, 0.335192, ] [0, 2, 0.335525, ] [0, 2, 0.336099, ] [0, 2, 0.343382, ] [0, 2, 0.348493, ] [0, 2, 0.662305, ] [0, 2, 1, ] [9.57887e-19, 1.88412, 1, ] [1.20531e-17, 1.53835, 0.513291, ] [1.59128e-17, 1.16412, 0, ] [2.17027e-17, 1.88134, 1, ] [2.80398e-17, 1.54549, 0.512357, ] [3.27014e-17, 1.50106, 0.51187, ] [3.90742e-17, 1.89819, 1, ] [5.25597e-17, 1.88479, 1, ] [5.68878e-17, 1.88528, 1, ] [5.7154e-17, 1.14921, 1, ] [1.0657e-16, 1.88512, 1, ] [1.09994e-16, 1.88544, 1, ] [1.23278e-16, 1.90097, 1, ] [1.28666e-16, 1.5572, 0.512805, ] [0.0951672, 1.07028, 0, ] [0.10834, 1.09296, 0, ] [0.110011, 1.1048, 0, ] [0.11258, 1.09031, 0, ] [0.113112, 1.08996, 0, ] [0.1134, 1.08965, 0, ] [0.113644, 1.08961, 0, ] [0.114705, 1.08891, 0, ] [0.116823, 1.08751, 0, ] [0.119329, 1.07077, 0, ] [0.125187, 1.08219, 0, ] [0.129818, 1, 1, ] [0.142359, 1, -6.28221e-17, ] [0.161425, 1, -2.00556e-16, ] [0.161523, 1, -2.88814e-17, ] [0.163849, 1, -5.12786e-17, ] [0.165733, 1, 5.03611e-17, ] [0.165965, 1, -5.02473e-17, ] [0.166033, 1, 5.0221e-17, ] [0.166195, 1, 5.01327e-17, ] [0.166658, 1, 1.6508e-16, ] [0.167588, 1, 4.94305e-17, ] [0.169692, 1, -1.23639e-16, ] [0.171462, 1, -1.41066e-16, ] [0.206151, 2, 0, ] [0.221263, 2, 0.303887, ] [0.265592, 2, 0.22117, ] [0.266425, 1.45823, 1.00001, ] [0.270346, 1.48741, 1.00001, ] [0.27476, 2, 0.20389, ] [0.276769, 1.48211, 1, ] [0.277474, 2, 0.204674, ] [0.278074, 2, 0.204929, ] [0.278363, 2, 0.20507, ] [0.278475, 2, 0.205113, ] [0.278506, 2, 0.20514, ] [0.278644, 2, 0.205219, ] [0.279176, 1.47853, 1, ] [0.279783, 1.47763, 1, ] [0.279786, 2, 0.205824, ] [0.280073, 1.4772, 1.00001, ] [0.280196, 1.47703, 1, ] [0.280216, 1.47699, 1.00001, ] [0.280354, 1.47678, 1.00001, ] [0.281503, 1.47508, 1, ] [0.282028, 2, 0.206801, ] [0.284462, 1.47084, 1.00001, ] [0.29201, 2.00001, 0.215682, ] [0.29264, 1.45597, 1.00001, ] [0.322849, 1, 0, ] [0.350448, 2, 0.0641245, ] [0.350448, 2.00001, 0.0641245, ] [0.352232, 2, 0.0651229, ] [0.352232, 2.00001, 0.0651229, ] [0.352716, 2, 0.0652457, ] [0.352716, 2.00001, 0.0652457, ] [0.352965, 2, 0.0652909, ] [0.352965, 2.00001, 0.0652909, ] [0.35306, 2, 0.0653049, ] [0.35306, 2.00001, 0.0653049, ] [0.353089, 2, 0.0653129, ] [0.353089, 2.00001, 0.0653129, ] [0.353219, 2, 0.0653253, ] [0.353219, 2.00001, 0.0653253, ] [0.354245, 2, 0.0654694, ] [0.354245, 2.00001, 0.0654694, ] [0.356885, 2.00001, 0.0644622, ] [0.362898, 2, 0.0437791, ] [0.366346, 1, 0.447243, ] [0.366653, 2, 0, ] [0.369318, 2, 0.0615122, ] [0.376465, 2, 0.560809, ] [0.397325, 2, 0, ] [0.399169, 2, 0, ] [0.401298, 2, 0, ] [0.401785, 2, 0, ] [0.402025, 2, 0, ] [0.402113, 2, 0, ] [0.402144, 2, 0, ] [0.402262, 2, 0, ] [0.403231, 2, 0, ] [0.404814, 2, 0, ] [0.412302, 2, 0, ] [0.413739, 2, 0, ] [0.424417, 1.64367, 0.528967, ] [0.5, 1.5, 0.5, ] [0.503114, 1.75946, 0, ] [0.521695, 1.16884, 0.466902, ] [0.529656, 1.14729, 0.466914, ] [0.531652, 1.14237, 0.466725, ] [0.532112, 1.14121, 0.466682, ] [0.532343, 1.14063, 0.466663, ] [0.532458, 1.14035, 0.466653, ] [0.532492, 1.14024, 0.466667, ] [0.532573, 1.14005, 0.466645, ] [0.533601, 1.13744, 0.466618, ] [0.536993, 1.21231, 0.472053, ] [0.543799, 1.10902, 0.467337, ] [0.559571, 1, 0.483041, ] [0.570984, 1, 0.465184, ] [0.573659, 1, 0.464081, ] [0.574545, 1, 0.463169, ] [0.574743, 1, 0.493531, ] [0.574744, 1, 0.462967, ] [0.574842, 1, 0.46287, ] [0.57489, 1, 0.462823, ] [0.574892, 1, 0.462842, ] [0.574938, 1, 0.462777, ] [0.575349, 1, 0.462448, ] [0.575533, 1.0249, 0.461593, ] [0.577682, 1, 0.462647, ] [0.583786, 1, 0.459417, ] [0.595948, 1.15478, 1, ] [0.620813, 2, 0.831152, ] [0.620817, 2, 0.83093, ] [0.620818, 2, 0.830901, ] [0.62082, 2, 0.830874, ] [0.620822, 2, 0.830892, ] [0.620826, 2, 0.830818, ] [0.620844, 2, 0.83071, ] [0.621001, 2, 0.830241, ] [0.621283, 2, 0.831395, ] [0.621765, 2, 0.833598, ] [0.623612, 2, 0.832344, ] [0.635086, 2, 1, ] [0.643291, 1.7058, 1, ] [0.663922, 2, 0.85083, ] [0.677152, 1, 1, ] [0.698049, 2, 0.82028, ] [0.718938, 1, 1, ] [0.760712, 1, 1, ] [0.764581, 1, 1, ] [0.769057, 1, 1, ] [0.770089, 1, 1, ] [0.770598, 1, 1, ] [0.770792, 1, 1, ] [0.770851, 1, 1, ] [0.771103, 1, 1, ] [0.773144, 1, 1, ] [0.776985, 1.7449, 0, ] [0.777531, 1, 1, ] [0.789239, 1.75429, 0, ] [0.793869, 1.75881, 0, ] [0.796015, 1.75975, 0, ] [0.796282, 1.76017, 0, ] [0.796305, 1.76024, 0, ] [0.796313, 1.76022, 0, ] [0.796345, 1.76028, 0, ] [0.796408, 1.76039, 0, ] [0.79654, 1.76062, 0, ] [0.797062, 1.76157, 0, ] [0.799156, 1.7615, 0, ] [0.800909, 1, 1, ] [0.80959, 1.74642, 0.521468, ] [0.81139, 1.6458, 0.593516, ] [0.817464, 1.82632, 0, ] [0.823894, 1.64102, 0.562232, ] [0.825314, 1.6387, 0.564276, ] [0.825407, 1.64207, 0.561728, ] [0.825642, 1.63816, 0.564768, ] [0.825806, 1.63789, 0.565012, ] [0.825853, 1.63779, 0.565108, ] [0.825888, 1.63776, 0.565134, ] [0.82597, 1.63763, 0.565255, ] [0.826489, 1.63426, 0.568622, ] [0.826613, 1.63659, 0.566236, ] [0.833404, 1.62268, 0.579876, ] [0.870183, 1, -1.08968e-16, ] [1, 1.49786, 0.695098, ] [1, 1.52041, 0.735267, ] [1, 1.49656, 0.705998, ] [1, 1.56912, 0.751815, ] [1, 1.24731, 0, ] [1, 1, 0, ] [1, 1, 0.587716, ] [1, 1, 1, ] [1, 1.216, 0, ] [1, 1.22655, 0, ] [1, 1.24704, 0, ] [1, 1.24717, 0, ] [1, 1.24724, 0, ] [1, 1.24854, 0, ] [1, 1.28089, 0, ] [1, 1.40335, 0, ] [1, 1.67494, 1, ] [1, 2, 0, ] [1, 2, 0.285022, ] [1, 2, 0.313122, ] [1, 2, 0.319895, ] [1, 2, 0.321682, ] [1, 2, 0.321957, ] [1, 2, 0.32255, ] [1, 2, 0.322692, ] [1, 2, 0.32271, ] [1, 2, 0.322712, ] [1, 2, 0.322728, ] [1, 2, 0.322764, ] [1, 2, 0.322838, ] [1, 2, 0.323095, ] [1, 2, 0.423572, ] [1, 2, 1, ] [1.00001, 1.24623, 0, ] [1.00001, 1.24677, 0, ] [1.00001, 1.2612, 0, ] [1.00001, 1.40616, 0.523582, ] [1.00001, 1.24379, 0, ] [1.00001, 1.25328, 0, ] [1.00001, 1.49498, 0.701034, ] [1.00001, 1.49464, 0.701337, ] [1.00001, 1.49457, 0.701372, ] [1.00001, 1.49459, 0.701373, ] [1.00001, 1.49455, 0.701411, ] [1.00001, 1.49446, 0.701486, ] [1.00001, 1.49429, 0.701642, ] [1.00001, 1.49359, 0.702409, ] [1.00001, 1.49498, 0.699281, ] Polynom = [1.29467,1.237252427951,-1.020492036564,-0.7504716133116,-0.4415171016311,0.3161260794052,-0.7457658081058,-0.9641242643125,1.60732193912,0.4170036869336] 
Error step 1 : 0.1525045656741
Error step 2 : 0.1525045701878
Distance between errors :4.51374002064e-09
