Welcome to the summary of Remez 1 multi for multivariate polynomial approximation. 
With the following parameters : 
degree of approximation = 2
maximum number of turns = 15
approximation of error = 1.00001e-09
approximation of points = 1.00001e-15
x in = [[-1,1][-1,1]]
For the function exp(x1^2 + x1*x2).

Generated D0 is : [-1, -1, ] [-1, 1, ] [0, 0, ] [1, -1, ] [1, 1, ] Polynom = [1,0,3.194528049466,0,3.194528049466,0] 
Error step 1 : 0
Error step 2 : 3.721768534588
Distance between errors :3.721768534588

Generated D0 is : [-1, -1, ] [-1, 0.124254, ] [-1, 1, ] [-0.404686, -1, ] [0, 0, ] [0.404687, 1, ] [1, -1, ] [1, -0.124253, ] [1, 1, ] Polynom = [0.395222,-3.330669073875e-16,0.1903114175876,-6.515483443993e-17,3.194528049466,3.004216631878] 
Error step 1 : 0.6047785290155
Error step 2 : 1.043547792082
Distance between errors :0.4387692630665

Generated D0 is : [-1, -1, ] [-1, -0.18301, ] [-1, 0.124254, ] [-1, 1, ] [-0.673309, -1, ] [-0.542786, 1, ] [-0.404686, -1, ] [0, 0, ] [2.14612e-16, -3.6231e-16, ] [0.404687, 1, ] [0.542787, -1, ] [0.67331, 1, ] [1, -1, ] [1, -0.124253, ] [1, 0.183011, ] [1, 1, ] Polynom = [0.208029,1.387778780782e-16,0.3014549809393,2.220446049251e-15,2.7641850074,3.323416110593] 
Error step 1 : 0.7919719798557
Error step 2 : 0.851339300698
Distance between errors :0.05936732084231

Generated D0 is : [-1, -1, ] [-1, -0.18301, ] [-1, -0.0214033, ] [-1, 0.124254, ] [-1, 1, ] [-0.827446, -0.570694, ] [-0.673309, -1, ] [-0.673278, -1, ] [-0.542786, 1, ] [-0.404686, -1, ] [-0.389701, 1, ] [0, 0, ] [2.14612e-16, -3.6231e-16, ] [3.52045e-15, -1.05314e-14, ] [0.389702, -1, ] [0.404687, 1, ] [0.542787, -1, ] [0.673279, 1, ] [0.67331, 1, ] [0.827447, 0.570695, ] [1, -1, ] [1, -0.124253, ] [1, 0.0214034, ] [1, 0.183011, ] [1, 1, ] Polynom = [0.200161,2.015406179711e-16,0.346170104596,7.771561172377e-16,2.724590853895,3.31829514044] 
Error step 1 : 0.799839917103
Error step 2 : 0.8001832047569
Distance between errors :0.0003432876538883

Generated D0 is : [-1, -1, ] [-1, -0.18301, ] [-1, -0.0214033, ] [-1, -0.00310763, ] [-1, 0.124254, ] [-1, 1, ] [-0.837121, -0.542241, ] [-0.827446, -0.570694, ] [-0.673309, -1, ] [-0.673278, -1, ] [-0.670444, -1, ] [-0.542786, 1, ] [-0.404686, -1, ] [-0.389701, 1, ] [-0.382606, 1, ] [-0.264074, 0.699201, ] [-8.0752e-16, 1.7204e-15, ] [0, 0, ] [2.14612e-16, -3.6231e-16, ] [3.52045e-15, -1.05314e-14, ] [0.264075, -0.6992, ] [0.382607, -1, ] [0.389702, -1, ] [0.404687, 1, ] [0.542787, -1, ] [0.670445, 1, ] [0.673279, 1, ] [0.67331, 1, ] [0.827447, 0.570695, ] [0.837122, 0.542242, ] [1, -1, ] [1, -0.124253, ] [1, 0.00310764, ] [1, 0.0214034, ] [1, 0.183011, ] [1, 1, ] Polynom = [0.200081,-3.330669073875e-16,0.3463317454559,0,2.724612977016,3.31811137646] 
Error step 1 : 0.7999197140969
Error step 2 : 0.7999197167374
Distance between errors :2.640495821993e-09

Generated D0 is : [-1, -1, ] [-1, -0.18301, ] [-1, -0.0214033, ] [-1, -0.003119, ] [-1, -0.00310763, ] [-1, 0.124254, ] [-1, 1, ] [-0.837221, -0.541952, ] [-0.837121, -0.542241, ] [-0.827446, -0.570694, ] [-0.673309, -1, ] [-0.673278, -1, ] [-0.670444, -1, ] [-0.67043, -1, ] [-0.542786, 1, ] [-0.404686, -1, ] [-0.389701, 1, ] [-0.382638, 1, ] [-0.382606, 1, ] [-0.264804, 0.701023, ] [-0.264074, 0.699201, ] [-2.42314e-15, 6.51406e-15, ] [-8.0752e-16, 1.7204e-15, ] [0, 0, ] [2.14612e-16, -3.6231e-16, ] [3.52045e-15, -1.05314e-14, ] [0.264075, -0.6992, ] [0.264805, -0.701022, ] [0.382607, -1, ] [0.382639, -1, ] [0.389702, -1, ] [0.404687, 1, ] [0.542787, -1, ] [0.670431, 1, ] [0.670445, 1, ] [0.673279, 1, ] [0.67331, 1, ] [0.827447, 0.570695, ] [0.837122, 0.542242, ] [0.837222, 0.541953, ] [1, -1, ] [1, -0.124253, ] [1, 0.00310764, ] [1, 0.00311901, ] [1, 0.0214034, ] [1, 0.183011, ] [1, 1, ] Polynom = [0.200081,5.551115123126e-16,0.3463317467836,-8.881784197001e-16,2.724612974165,3.318111377983] 
Error step 1 : 0.7999197149196
Error step 2 : 0.7999197149199
Distance between errors :2.436939539053e-13
