Welcome to the summary of Remez 1 multi for multivariate polynomial approximation. 
With the following parameters : 
degree of approximation = 2
maximum number of turns = 35
approximation of error = 1.00001e-09
approximation of points = 1.00001e-15
x in = [[0,1][1,2.5]]
For the function ln(x1+x2)*sin(x1).

Generated D0 is : [0, 1, ] [0, 2.5, ] [0.5, 1.75, ] [1, 1, ] [1, 2.5, ] Polynom = [-2.77555e-17,0,0,0.7868627774318384117,0,0,-0.29329486025363799,0,0.08969532346439373916] 
Error step 1 : -2.775557561562e-17
Error step 2 : 0.1516103156811
Distance between errors :0.1516103156811

Generated D0 is : [0, 1, ] [0, 2.5, ] [8.04062e-17, 2.1965, ] [0.426342, 1, ] [0.5, 1.75, ] [0.611704, 2.5, ] [0.743888, 2.26619, ] [1, 1, ] [1, 1.72278, ] [1, 2.5, ] Polynom = [0.0408959,-0.05337746160724340244,0.01525070331635525537,-0.978095126605125209,1.327707399733401017,-0.2011721448592283245,1.041797993001869039,-0.735126625456752003,0.1226135667379955469] 
Error step 1 : 0.002769089045218
Error step 2 : 0.02591828592234
Distance between errors :0.02314919687712

Generated D0 is : [-2.18165e-18, 1.75, ] [0, 1, ] [0, 2.5, ] [8.04062e-17, 2.1965, ] [0.162785, 1, ] [0.197756, 1.34517, ] [0.247697, 2.5, ] [0.426342, 1, ] [0.5, 1.75, ] [0.611704, 2.5, ] [0.743888, 2.26619, ] [0.76037, 1, ] [0.817327, 2.25444, ] [0.827715, 2.5, ] [1, 2.14631, ] [1, 1, ] [1, 1.72278, ] [1, 2.5, ] [1.00001, 1.11228, ] Polynom = [-0.0114591,0,0.0006814613569969680792,-0.4857408745661740412,0.7598709726843466684,-0.05421737411779367632,0.6239829900552017473,-0.2298709647328691652,-0.009206032339441477807] 
Error step 1 : 0.01077773817034
Error step 2 : 0.01878232025391
Distance between errors :0.008004582083564

Generated D0 is : [-2.18165e-18, 1.75, ] [0, 1, ] [0, 2.5, ] [8.04062e-17, 2.1965, ] [0.162785, 1, ] [0.195312, 1.63331, ] [0.197756, 1.34517, ] [0.246909, 1, ] [0.247697, 2.5, ] [0.251934, 2.5, ] [0.426342, 1, ] [0.5, 1.75, ] [0.611704, 2.5, ] [0.705365, 1.47584, ] [0.743888, 2.26619, ] [0.753145, 1, ] [0.76037, 1, ] [0.772426, 2.5, ] [0.817327, 2.25444, ] [0.827715, 2.5, ] [1, 2.14631, ] [1, 1, ] [1, 1.27151, ] [1, 1.72278, ] [1, 2.5, ] [1.00001, 1.95215, ] [1.00001, 1.11228, ] Polynom = [-0.0115377,0,0,-0.6592384296773058371,0.9875747829997886252,-0.1129843202671698687,0.7844669017128206301,-0.4356818054851255839,0.04220168563833674031] 
Error step 1 : 0.01153778713938
Error step 2 : 0.01310506790599
Distance between errors :0.001567280766606

Generated D0 is : [-2.18165e-18, 1.75, ] [0, 1, ] [0, 2.5, ] [8.04062e-17, 2.1965, ] [0.162785, 1, ] [0.195312, 1.63331, ] [0.197756, 1.34517, ] [0.241989, 1.45839, ] [0.244155, 1, ] [0.246909, 1, ] [0.247697, 2.5, ] [0.251934, 2.5, ] [0.276851, 2.5, ] [0.426342, 1, ] [0.5, 1.75, ] [0.611704, 2.5, ] [0.705365, 1.47584, ] [0.732774, 1.21196, ] [0.743888, 2.26619, ] [0.744748, 1, ] [0.753145, 1, ] [0.76037, 1, ] [0.762639, 2.09037, ] [0.772426, 2.5, ] [0.817327, 2.25444, ] [0.82554, 2.5, ] [0.827715, 2.5, ] [1, 2.14631, ] [1, 1, ] [1, 1.27151, ] [1, 1.68333, ] [1, 1.72278, ] [1, 2.5, ] [1.00001, 1.95215, ] [1.00001, 1.11228, ] [1.00001, 1.21519, ] Polynom = [-0.008048,-0.005494986047889061087,0.001998176744687408472,-0.8444427326652079734,1.250045101948656257,-0.1901903248440033888,1.003758081227723587,-0.7456229483607759167,0.1328057005187481821] 
Error step 1 : 0.01154481859128
Error step 2 : 0.01526233767835
Distance between errors :0.003717519087069

Generated D0 is : [-2.18165e-18, 1.75, ] [0, 1, ] [0, 1.375, ] [0, 2.5, ] [8.04062e-17, 2.1965, ] [0.162785, 1, ] [0.195312, 1.63331, ] [0.197756, 1.34517, ] [0.241989, 1.45839, ] [0.244155, 1, ] [0.244221, 1, ] [0.246909, 1, ] [0.247697, 2.5, ] [0.251771, 1.18988, ] [0.251934, 2.5, ] [0.264301, 2.5, ] [0.276851, 2.5, ] [0.293011, 2.04836, ] [0.426342, 1, ] [0.5, 1.75, ] [0.611704, 2.5, ] [0.705365, 1.47584, ] [0.732774, 1.21196, ] [0.743888, 2.26619, ] [0.744748, 1, ] [0.744763, 1, ] [0.753145, 1, ] [0.754779, 1.11704, ] [0.76037, 1, ] [0.762639, 2.09037, ] [0.772426, 2.5, ] [0.81253, 2.5, ] [0.817327, 2.25444, ] [0.820071, 2.00733, ] [0.82554, 2.5, ] [0.827715, 2.5, ] [1, 2.14631, ] [1, 1, ] [1, 1.27151, ] [1, 1.68333, ] [1, 1.72278, ] [1, 2.5, ] [1.00001, 1.95215, ] [1.00001, 1.11228, ] [1.00001, 1.21519, ] Polynom = [-0.0113213,-0.0003859304583234621222,0.000162497035083615022,-0.8718779385823495209,1.299735321695803636,-0.2124453409016087424,1.032112312609915872,-0.8006657637437724073,0.159494287629386583] 
Error step 1 : 0.0115448190324
Error step 2 : 0.01278373208909
Distance between errors :0.001238913056694

Generated D0 is : [-2.18165e-18, 1.75, ] [-2.58253e-19, 1.1875, ] [0, 1, ] [0, 1.375, ] [0, 2.5, ] [8.04062e-17, 2.1965, ] [0.162785, 1, ] [0.195312, 1.63331, ] [0.197756, 1.34517, ] [0.23218, 2.5, ] [0.241989, 1.45839, ] [0.244155, 1, ] [0.244221, 1, ] [0.244221, 1, ] [0.246909, 1, ] [0.247697, 2.5, ] [0.251771, 1.18988, ] [0.251934, 2.5, ] [0.251977, 1.17657, ] [0.264301, 2.5, ] [0.276851, 2.5, ] [0.286165, 1.78055, ] [0.293011, 2.04836, ] [0.426342, 1, ] [0.5, 1.75, ] [0.611704, 2.5, ] [0.705365, 1.47584, ] [0.707756, 2.5, ] [0.732774, 1.21196, ] [0.743888, 2.26619, ] [0.744748, 1, ] [0.744763, 1, ] [0.744763, 1, ] [0.749113, 1.05663, ] [0.753145, 1, ] [0.754779, 1.11704, ] [0.76037, 1, ] [0.762639, 2.09037, ] [0.769379, 1.97708, ] [0.772426, 2.5, ] [0.81253, 2.5, ] [0.817327, 2.25444, ] [0.820071, 2.00733, ] [0.82554, 2.5, ] [0.827715, 2.5, ] [1, 1.39358, ] [1, 2.14631, ] [1, 2.32984, ] [1, 1, ] [1, 1.27151, ] [1, 1.68333, ] [1, 1.72278, ] [1, 2.5, ] [1.00001, 1.95215, ] [1.00001, 1.11228, ] [1.00001, 1.21519, ] Polynom = [-0.0115845,7.753579800958288604e-17,-2.799866126213438129e-17,-0.8020285384694316732,1.196226384676807531,-0.1783809452261115868,0.940193894569379185,-0.6643663337792133916,0.1147878841173978343] 
