Welcome to the summary of Remez 1 multi for multivariate polynomial approximation. 
With the following parameters : 
degree of approximation = 2
maximum number of turns = 23
approximation of error = 1.00001e-09
approximation of points = 1e-12
x in = [[-1,1][-1,1]]
For the function sqrt(x1+2*x2+4).

Generated D0 is : [-1, -1, ] [-1, 1, ] [0, 0, ] [1, -1, ] [1, 1, ] Polynom = [2,0.5374421202488758321,-0.09653247596668551588,0.2854335352834196371,-0.08059186850101912602,0,0,0,0] 
Error step 1 : 4.440892098501e-16
Error step 2 : 0.04980685538258
Distance between errors :0.04980685538258

Generated D0 is : [-1, -1, ] [-1, -0.543271, ] [-1, 0.770566, ] [-1, 1, ] [-0.678054, 0.665618, ] [-0.133974, -1, ] [-0.0419601, 1, ] [0, 0, ] [1, -1, ] [1, 0.0909203, ] [1, 1, ] Polynom = [1.99193,0.5174049511789414746,-0.06788496854518409617,0.2482777902457777853,-0.07655273867497797146,0.03311661521160028099,0,0.01599803924389309532,-0.02460837759546062597] 
Error step 1 : 0.008078259652082
Error step 2 : 0.01822363632275
Distance between errors :0.01014537667066

Generated D0 is : [-1, -1, ] [-1, -0.679628, ] [-1, -0.543271, ] [-1, 0.369263, ] [-1, 0.770566, ] [-1, 1, ] [-0.678054, 0.665618, ] [-0.603073, 1.00001, ] [-0.370773, -0.661757, ] [-0.260485, -1, ] [-0.133974, -1, ] [-0.0419601, 1, ] [0, 0, ] [0.218762, 0.545681, ] [0.551787, 1, ] [0.55841, -1, ] [0.902813, -0.870571, ] [1, -0.975529, ] [1, -1, ] [1, 0.0909203, ] [1, 0.268276, ] [1, 1, ] Polynom = [1.98874,0.5085818911657933317,-0.0586301014642635343,0.2435104313298075419,-0.07512748406522209987,0.03645871951781665122,-0.008270739477577393472,0.02305782171592113059,-0.02382922765768116096] 
Error step 1 : 0.01126679180296
Error step 2 : 0.01587295310908
Distance between errors :0.004606161306116

Generated D0 is : [-1, -0.622337, ] [-1, -1, ] [-1, -0.679628, ] [-1, -0.543271, ] [-1, 0.369263, ] [-1, 0.386719, ] [-1, 0.770566, ] [-1, 1, ] [-0.814652, 1, ] [-0.678054, 0.665618, ] [-0.616757, -0.559798, ] [-0.603073, 1.00001, ] [-0.565937, -0.999999, ] [-0.370773, -0.661757, ] [-0.294627, -0.449607, ] [-0.260485, -1, ] [-0.133974, -1, ] [-0.0419601, 1, ] [0, 0, ] [0.0642945, -1, ] [0.218762, 0.545681, ] [0.386868, 1.00001, ] [0.551787, 1, ] [0.55841, -1, ] [0.591159, 0.704912, ] [0.902813, -0.870571, ] [1, -0.975529, ] [1, 0.588979, ] [1, -1, ] [1, 0.0909203, ] [1, 0.268276, ] [1, 1, ] [1.00001, -0.569154, ] Polynom = [1.99157,0.5068026349835464961,-0.05963794063975125236,0.2436255676800145876,-0.07844353734768896857,0.03965963645007386518,-0.01078657630964929836,0.02138734234140252794,-0.01982039569828686342] 
Error step 1 : 0.01140047407726
Error step 2 : 0.01239840892435
Distance between errors :0.0009979348470868

Generated D0 is : [-1, -0.622337, ] [-1, -1, ] [-1, -0.679628, ] [-1, -0.543271, ] [-1, 0.369263, ] [-1, 0.383883, ] [-1, 0.386719, ] [-1, 0.770566, ] [-1, 1, ] [-0.999999, -0.622937, ] [-0.910086, 1.00001, ] [-0.829784, -0.610654, ] [-0.814652, 1, ] [-0.678054, 0.665618, ] [-0.631206, -1, ] [-0.616757, -0.559798, ] [-0.603073, 1.00001, ] [-0.565937, -0.999999, ] [-0.370773, -0.661757, ] [-0.294627, -0.449607, ] [-0.260485, -1, ] [-0.133974, -1, ] [-0.0419601, 1, ] [-0.0268045, -0.321035, ] [0, 0, ] [0.0642945, -1, ] [0.218762, 0.545681, ] [0.325583, -1, ] [0.338902, 1.00001, ] [0.386868, 1.00001, ] [0.551787, 1, ] [0.55841, -1, ] [0.591159, 0.704912, ] [0.902813, -0.870571, ] [1, -0.975529, ] [1, -0.171859, ] [1, 0.588979, ] [1, -1, ] [1, 0.0909203, ] [1, 0.268276, ] [1, 1, ] [1.00001, 0.624876, ] [1.00001, -0.569154, ] Polynom = [1.99308,0.5067449366826404234,-0.06100944074195437105,0.2441859734885058475,-0.0770017631476069414,0.03765745644150159111,-0.01173850847715470283,0.02288668953103489834,-0.02045079973083918645] 
Error step 1 : 0.01140059938862
Error step 2 : 0.01192827606309
Distance between errors :0.0005276766744715

Generated D0 is : [-1, -0.622337, ] [-1, -1, ] [-1, -0.679628, ] [-1, -0.543271, ] [-1, 0.369263, ] [-1, 0.383883, ] [-1, 0.383884, ] [-1, 0.386719, ] [-1, 0.770566, ] [-1, 1, ] [-0.999999, -0.622935, ] [-0.999999, -0.622937, ] [-0.955682, 1.00001, ] [-0.918672, -0.618892, ] [-0.910086, 1.00001, ] [-0.829784, -0.610654, ] [-0.814652, 1, ] [-0.678054, 0.665618, ] [-0.652276, -0.999999, ] [-0.631206, -1, ] [-0.616757, -0.559798, ] [-0.603073, 1.00001, ] [-0.565937, -0.999999, ] [-0.370773, -0.661757, ] [-0.294627, -0.449607, ] [-0.260485, -1, ] [-0.133974, -1, ] [-0.0419601, 1, ] [-0.0268045, -0.321035, ] [0, 0, ] [0.0026506, -0.324756, ] [0.0642945, -1, ] [0.191441, -0.999999, ] [0.218762, 0.545681, ] [0.319537, 1.00001, ] [0.325583, -1, ] [0.338902, 1.00001, ] [0.386868, 1.00001, ] [0.551787, 1, ] [0.55841, -1, ] [0.591159, 0.704912, ] [0.902813, -0.870571, ] [0.977784, 0.530039, ] [1, -0.975529, ] [1, -0.171859, ] [1, 0.528866, ] [1, 0.588979, ] [1, -1, ] [1, 0.0909203, ] [1, 0.268276, ] [1, 1, ] [1.00001, 0.624876, ] [1.00001, -0.390131, ] [1.00001, -0.569154, ] Polynom = [1.99423,0.5067860363676093272,-0.0621603729996238058,0.2447893714849269376,-0.0765449951540597695,0.03659729045153170546,-0.01228526704446958328,0.02330235783938572336,-0.02036003346345932607] 
Error step 1 : 0.01140059938885
Error step 2 : 0.01152640918141
Distance between errors :0.0001258097925645

Generated D0 is : [-1, -0.622337, ] [-1, -1, ] [-1, -0.679628, ] [-1, -0.543271, ] [-1, 0.369263, ] [-1, 0.383883, ] [-1, 0.383884, ] [-1, 0.383884, ] [-1, 0.386719, ] [-1, 0.770566, ] [-1, 1, ] [-0.999999, -0.622935, ] [-0.999999, -0.622935, ] [-0.999999, -0.622937, ] [-0.977995, 1, ] [-0.960112, -0.621648, ] [-0.955682, 1.00001, ] [-0.918672, -0.618892, ] [-0.910086, 1.00001, ] [-0.829784, -0.610654, ] [-0.814652, 1, ] [-0.678054, 0.665618, ] [-0.656904, -1, ] [-0.652276, -0.999999, ] [-0.631206, -1, ] [-0.616757, -0.559798, ] [-0.603073, 1.00001, ] [-0.565937, -0.999999, ] [-0.370773, -0.661757, ] [-0.294627, -0.449607, ] [-0.260485, -1, ] [-0.133974, -1, ] [-0.0419601, 1, ] [-0.0268045, -0.321035, ] [0, 0, ] [0.0026506, -0.324756, ] [0.0623995, -0.317988, ] [0.0642945, -1, ] [0.154591, -1, ] [0.191441, -0.999999, ] [0.218762, 0.545681, ] [0.31075, 1, ] [0.319537, 1.00001, ] [0.325583, -1, ] [0.338902, 1.00001, ] [0.386868, 1.00001, ] [0.551787, 1, ] [0.55841, -1, ] [0.591159, 0.704912, ] [0.902813, -0.870571, ] [0.977784, 0.530039, ] [0.984833, 0.472662, ] [1, 0.473098, ] [1, -0.975529, ] [1, -0.171859, ] [1, 0.528866, ] [1, 0.588979, ] [1, -0.483527, ] [1, -1, ] [1, 0.0909203, ] [1, 0.268276, ] [1, 1, ] [1.00001, 0.624876, ] [1.00001, -0.390131, ] [1.00001, -0.569154, ] Polynom = [1.99459,0.5067051469010385168,-0.06241457089872892716,0.2455298184020414388,-0.07598448210225988708,0.03529633048262148521,-0.01189980320078257158,0.02394376035776232121,-0.02140679553330160356] 
Error step 1 : 0.01140059938884
Error step 2 : 0.01143412492627
Distance between errors :3.352553742716e-05

Generated D0 is : [-1, -0.622337, ] [-1, -1, ] [-1, -0.679628, ] [-1, -0.543271, ] [-1, 0.369263, ] [-1, 0.383883, ] [-1, 0.383884, ] [-1, 0.383884, ] [-1, 0.383884, ] [-1, 0.386719, ] [-1, 0.770566, ] [-1, 1, ] [-0.999999, -0.622935, ] [-0.999999, -0.622935, ] [-0.999999, -0.622935, ] [-0.999999, -0.622937, ] [-0.989035, 1.00001, ] [-0.980236, -0.622222, ] [-0.977995, 1, ] [-0.960112, -0.621648, ] [-0.955682, 1.00001, ] [-0.918672, -0.618892, ] [-0.910086, 1.00001, ] [-0.829784, -0.610654, ] [-0.814652, 1, ] [-0.678054, 0.665618, ] [-0.669403, -1, ] [-0.656904, -1, ] [-0.652276, -0.999999, ] [-0.631206, -1, ] [-0.616757, -0.559798, ] [-0.603073, 1.00001, ] [-0.565937, -0.999999, ] [-0.370773, -0.661757, ] [-0.294627, -0.449607, ] [-0.260485, -1, ] [-0.133974, -1, ] [-0.0419601, 1, ] [-0.0268045, -0.321035, ] [0, 0, ] [0.0026506, -0.324756, ] [0.0623995, -0.317988, ] [0.0642945, -1, ] [0.110042, -1, ] [0.11625, -0.302023, ] [0.154591, -1, ] [0.191441, -0.999999, ] [0.218762, 0.545681, ] [0.306556, 1, ] [0.31075, 1, ] [0.319537, 1.00001, ] [0.325583, -1, ] [0.338902, 1.00001, ] [0.386868, 1.00001, ] [0.551787, 1, ] [0.55841, -1, ] [0.591159, 0.704912, ] [0.758614, 0.416454, ] [0.902813, -0.870571, ] [0.977784, 0.530039, ] [0.984833, 0.472662, ] [1, 0.473098, ] [1, -0.975529, ] [1, -0.171859, ] [1, 0.528866, ] [1, 0.588979, ] [1, 0.423825, ] [1, -0.483527, ] [1, -1, ] [1, 0.0909203, ] [1, 0.268276, ] [1, 1, ] [1.00001, 0.624876, ] [1.00001, -0.390131, ] [1.00001, -0.569154, ] [1.00001, -0.597495, ] Polynom = [1.99928,0.5178130848826287825,-0.0561224088773079055,0.2450712165951376143,-0.07633164040950105033,0.03610209059675995036,-0.01704721951018101089,0.0124886640689173753,-0.02689319744054630145] 
Error step 1 : 0.01140059938886
Error step 2 : 0.0115779161203
Distance between errors :0.0001773167314458

Generated D0 is : [-1, -0.622337, ] [-1, -1, ] [-1, -0.679628, ] [-1, -0.622935, ] [-1, -0.543271, ] [-1, 0.369263, ] [-1, 0.383883, ] [-1, 0.383884, ] [-1, 0.383884, ] [-1, 0.383884, ] [-1, 0.383884, ] [-1, 0.386719, ] [-1, 0.770566, ] [-1, 1, ] [-0.999999, -0.622935, ] [-0.999999, -0.622935, ] [-0.999999, -0.622935, ] [-0.999999, -0.622937, ] [-0.990069, -0.623011, ] [-0.989035, 1.00001, ] [-0.980236, -0.622222, ] [-0.977995, 1, ] [-0.960112, -0.621648, ] [-0.955682, 1.00001, ] [-0.918672, -0.618892, ] [-0.910086, 1.00001, ] [-0.829784, -0.610654, ] [-0.814652, 1, ] [-0.678054, 0.665618, ] [-0.669403, -1, ] [-0.661179, -1, ] [-0.659713, 0.526621, ] [-0.656904, -1, ] [-0.652276, -0.999999, ] [-0.631206, -1, ] [-0.616757, -0.559798, ] [-0.603073, 1.00001, ] [-0.565937, -0.999999, ] [-0.370773, -0.661757, ] [-0.294627, -0.449607, ] [-0.260485, -1, ] [-0.133974, -1, ] [-0.0489716, 0.906223, ] [-0.0419601, 1, ] [-0.0268045, -0.321035, ] [0, 0, ] [0.0026506, -0.324756, ] [0.0156234, 1, ] [0.0623995, -0.317988, ] [0.0642945, -1, ] [0.110042, -1, ] [0.11625, -0.302023, ] [0.137323, -1, ] [0.154591, -1, ] [0.188014, -0.413932, ] [0.191441, -0.999999, ] [0.218762, 0.545681, ] [0.306556, 1, ] [0.31075, 1, ] [0.319537, 1.00001, ] [0.325583, -1, ] [0.338902, 1.00001, ] [0.386868, 1.00001, ] [0.551787, 1, ] [0.55841, -1, ] [0.591159, 0.704912, ] [0.758614, 0.416454, ] [0.902813, -0.870571, ] [0.977784, 0.530039, ] [0.984833, 0.472662, ] [1, 0.473098, ] [1, -0.975529, ] [1, -0.171859, ] [1, 0.528866, ] [1, 0.452261, ] [1, 0.588979, ] [1, 0.423825, ] [1, -0.483527, ] [1, -1, ] [1, 0.0909203, ] [1, 0.268276, ] [1, 1, ] [1.00001, 0.624876, ] [1.00001, -0.390131, ] [1.00001, -0.569154, ] [1.00001, -0.527219, ] [1.00001, -0.597495, ] Polynom = [2.00194,0.5167079654973134595,-0.06190817608300335644,0.2437386139948014286,-0.07915746115613521427,0.04026051394373375559,-0.02104392293478725417,0.01076796270760439767,-0.01694900688788084086] 
Error step 1 : 0.01140059938885
Error step 2 : 0.01161731075188
Distance between errors :0.0002167113630392

Generated D0 is : [-1, -0.622337, ] [-1, -1, ] [-1, -0.679628, ] [-1, -0.622935, ] [-1, -0.543271, ] [-1, 0.369263, ] [-1, 0.383883, ] [-1, 0.383884, ] [-1, 0.383884, ] [-1, 0.383884, ] [-1, 0.383884, ] [-1, 0.383884, ] [-1, 0.386719, ] [-1, 0.770566, ] [-1, 1, ] [-0.999999, -0.622935, ] [-0.999999, -0.622935, ] [-0.999999, -0.622935, ] [-0.999999, -0.622937, ] [-0.999999, -0.622935, ] [-0.99475, -0.623533, ] [-0.990069, -0.623011, ] [-0.989035, 1.00001, ] [-0.980236, -0.622222, ] [-0.977995, 1, ] [-0.960112, -0.621648, ] [-0.955682, 1.00001, ] [-0.918672, -0.618892, ] [-0.910086, 1.00001, ] [-0.829784, -0.610654, ] [-0.814652, 1, ] [-0.695827, 0.462108, ] [-0.678054, 0.665618, ] [-0.669403, -1, ] [-0.661179, -1, ] [-0.659713, 0.526621, ] [-0.656904, -1, ] [-0.652276, -0.999999, ] [-0.631206, -1, ] [-0.616757, -0.559798, ] [-0.603073, 1.00001, ] [-0.582549, -1, ] [-0.565937, -0.999999, ] [-0.370773, -0.661757, ] [-0.294627, -0.449607, ] [-0.260485, -1, ] [-0.133974, -1, ] [-0.0489716, 0.906223, ] [-0.0419601, 1, ] [-0.0268045, -0.321035, ] [0, 0, ] [0.0026506, -0.324756, ] [0.0156234, 1, ] [0.0191441, 1, ] [0.0623995, -0.317988, ] [0.0642945, -1, ] [0.110042, -1, ] [0.11625, -0.302023, ] [0.137323, -1, ] [0.154591, -1, ] [0.188014, -0.413932, ] [0.191441, -0.999999, ] [0.218762, 0.545681, ] [0.22016, -0.440749, ] [0.306556, 1, ] [0.31075, 1, ] [0.319537, 1.00001, ] [0.325583, -1, ] [0.338902, 1.00001, ] [0.386868, 1.00001, ] [0.444834, -1, ] [0.551787, 1, ] [0.55841, -1, ] [0.591159, 0.704912, ] [0.758614, 0.416454, ] [0.902813, -0.870571, ] [0.977784, 0.530039, ] [0.984833, 0.472662, ] [1, 0.473098, ] [1, -0.975529, ] [1, -0.171859, ] [1, 0.528866, ] [1, 0.452261, ] [1, -0.0769021, ] [1, 0.588979, ] [1, 0.423825, ] [1, -0.483527, ] [1, -1, ] [1, 0.0909203, ] [1, 0.268276, ] [1, 1, ] [1.00001, 0.624876, ] [1.00001, -0.390131, ] [1.00001, -0.569154, ] [1.00001, 0.630471, ] [1.00001, -0.527219, ] [1.00001, -0.597495, ] Polynom = [2.00916,0.5081505659419980337,-0.07842298031750349895,0.2437561007491071131,-0.07944904697114359148,0.04053461300443750304,-0.02824639546409746237,0.01903377644792157708,-0.0001601035927088229754] 
Error step 1 : 0.01140059938884
Error step 2 : 0.0122963015252
Distance between errors :0.0008957021363667

Generated D0 is : [-1, -0.622337, ] [-1, -1, ] [-1, -0.679628, ] [-1, -0.622935, ] [-1, -0.622935, ] [-1, -0.543271, ] [-1, 0.369263, ] [-1, 0.383883, ] [-1, 0.383884, ] [-1, 0.383884, ] [-1, 0.383884, ] [-1, 0.383884, ] [-1, 0.383884, ] [-1, 0.383884, ] [-1, 0.386719, ] [-1, 0.770566, ] [-1, 1, ] [-0.999999, -0.622935, ] [-0.999999, -0.622935, ] [-0.999999, -0.622935, ] [-0.999999, -0.622937, ] [-0.999999, -0.622935, ] [-0.99475, -0.623533, ] [-0.994527, 1, ] [-0.990069, -0.623011, ] [-0.989035, 1.00001, ] [-0.980236, -0.622222, ] [-0.977995, 1, ] [-0.960112, -0.621648, ] [-0.955682, 1.00001, ] [-0.918672, -0.618892, ] [-0.910086, 1.00001, ] [-0.829784, -0.610654, ] [-0.814652, 1, ] [-0.695827, 0.462108, ] [-0.678054, 0.665618, ] [-0.669403, -1, ] [-0.661179, -1, ] [-0.659713, 0.526621, ] [-0.656904, -1, ] [-0.652276, -0.999999, ] [-0.631206, -1, ] [-0.616757, -0.559798, ] [-0.603073, 1.00001, ] [-0.582549, -1, ] [-0.565937, -0.999999, ] [-0.564115, -1, ] [-0.560424, 0.304975, ] [-0.370773, -0.661757, ] [-0.294627, -0.449607, ] [-0.260485, -1, ] [-0.133974, -1, ] [-0.0489716, 0.906223, ] [-0.0419601, 1, ] [-0.0268045, -0.321035, ] [0, 0, ] [0.0026506, -0.324756, ] [0.0156234, 1, ] [0.0191441, 1, ] [0.0623995, -0.317988, ] [0.0642945, -1, ] [0.110042, -1, ] [0.11625, -0.302023, ] [0.137323, -1, ] [0.154591, -1, ] [0.188014, -0.413932, ] [0.191441, -0.999999, ] [0.218762, 0.545681, ] [0.22016, -0.440749, ] [0.233901, -0.58465, ] [0.304506, 1, ] [0.306556, 1, ] [0.31075, 1, ] [0.319537, 1.00001, ] [0.325583, -1, ] [0.338902, 1.00001, ] [0.386868, 1.00001, ] [0.444834, -1, ] [0.502265, -0.999999, ] [0.551787, 1, ] [0.55841, -1, ] [0.591159, 0.704912, ] [0.758614, 0.416454, ] [0.902813, -0.870571, ] [0.977784, 0.530039, ] [0.984833, 0.472662, ] [1, 0.473098, ] [1, -0.975529, ] [1, -0.171859, ] [1, 0.528866, ] [1, 0.452261, ] [1, -0.0769021, ] [1, 0.588979, ] [1, 0.423825, ] [1, -0.483527, ] [1, -1, ] [1, 0.0909203, ] [1, 0.268276, ] [1, 0.639188, ] [1, 1, ] [1.00001, 0.624876, ] [1.00001, -0.390131, ] [1.00001, -0.569154, ] [1.00001, 0.630471, ] [1.00001, -0.036395, ] [1.00001, -0.527219, ] [1.00001, -0.597495, ] Polynom = [2.01137,0.5095981757797474199,-0.08207586345157327767,0.2551293166431796711,-0.08059186850101912602,0.0303042186402399244,-0.01908337942150895027,0.01644334508028666431,-0.006737614822810016577] 
Error step 1 : 0.01140059938885
Error step 2 : 0.01290432397191
Distance between errors :0.001503724583064

Generated D0 is : [-1, -0.622337, ] [-1, -1, ] [-1, -0.679628, ] [-1, -0.622935, ] [-1, -0.622935, ] [-1, -0.622935, ] [-1, -0.543271, ] [-1, 0.369263, ] [-1, 0.383883, ] [-1, 0.383884, ] [-1, 0.383884, ] [-1, 0.383884, ] [-1, 0.383884, ] [-1, 0.383884, ] [-1, 0.383884, ] [-1, 0.383884, ] [-1, 0.386719, ] [-1, 0.770566, ] [-1, 1, ] [-0.999999, -0.622935, ] [-0.999999, -0.622935, ] [-0.999999, -0.622935, ] [-0.999999, -0.622937, ] [-0.999999, -0.622935, ] [-0.997265, 1.00001, ] [-0.99475, -0.623533, ] [-0.994527, 1, ] [-0.990069, -0.623011, ] [-0.989035, 1.00001, ] [-0.980236, -0.622222, ] [-0.977995, 1, ] [-0.960112, -0.621648, ] [-0.955682, 1.00001, ] [-0.918672, -0.618892, ] [-0.910086, 1.00001, ] [-0.829784, -0.610654, ] [-0.814652, 1, ] [-0.797246, 0.358147, ] [-0.695827, 0.462108, ] [-0.678054, 0.665618, ] [-0.669403, -1, ] [-0.661179, -1, ] [-0.659713, 0.526621, ] [-0.656904, -1, ] [-0.652276, -0.999999, ] [-0.631206, -1, ] [-0.616757, -0.559798, ] [-0.603073, 1.00001, ] [-0.582549, -1, ] [-0.565937, -0.999999, ] [-0.564115, -1, ] [-0.560424, 0.304975, ] [-0.500803, -1, ] [-0.370773, -0.661757, ] [-0.294627, -0.449607, ] [-0.260485, -1, ] [-0.133974, -1, ] [-0.0489716, 0.906223, ] [-0.0419601, 1, ] [-0.0268045, -0.321035, ] [0, 0, ] [0.0026506, -0.324756, ] [0.0156234, 1, ] [0.0191441, 1, ] [0.0623995, -0.317988, ] [0.0642945, -1, ] [0.110042, -1, ] [0.11625, -0.302023, ] [0.137323, -1, ] [0.154591, -1, ] [0.188014, -0.413932, ] [0.191441, -0.999999, ] [0.218762, 0.545681, ] [0.22016, -0.440749, ] [0.233901, -0.58465, ] [0.303493, 1, ] [0.304506, 1, ] [0.306556, 1, ] [0.31075, 1, ] [0.319537, 1.00001, ] [0.325583, -1, ] [0.338902, 1.00001, ] [0.386868, 1.00001, ] [0.444834, -1, ] [0.456872, 0.0713226, ] [0.502265, -0.999999, ] [0.551787, 1, ] [0.55841, -1, ] [0.591159, 0.704912, ] [0.758614, 0.416454, ] [0.786939, -1, ] [0.835651, -0.707762, ] [0.902813, -0.870571, ] [0.977784, 0.530039, ] [0.984833, 0.472662, ] [1, 0.473098, ] [1, -0.975529, ] [1, -0.171859, ] [1, 0.528866, ] [1, 0.452261, ] [1, -0.710534, ] [1, -0.0769021, ] [1, 0.588979, ] [1, 0.423825, ] [1, -0.483527, ] [1, -0.0686621, ] [1, -1, ] [1, 0.0909203, ] [1, 0.268276, ] [1, 0.639188, ] [1, 1, ] [1.00001, 0.624876, ] [1.00001, -0.390131, ] [1.00001, -0.569154, ] [1.00001, 0.630471, ] [1.00001, -0.036395, ] [1.00001, -0.527219, ] [1.00001, -0.597495, ] Polynom = [1.99812,0.5076511273445514228,-0.06688177068387923807,0.2438084123210000898,-0.07882112289805104365,0.03985437735945129845,-0.01715969886345410089,0.02016113911845051135,-0.01238154887129283565] 
Error step 1 : 0.01140059938885
Error step 2 : 0.01143475448272
Distance between errors :3.415509387334e-05

Generated D0 is : [-1, -0.622337, ] [-1, -1, ] [-1, -0.679628, ] [-1, -0.622935, ] [-1, -0.622935, ] [-1, -0.622935, ] [-1, -0.622935, ] [-1, -0.543271, ] [-1, 0.369263, ] [-1, 0.383883, ] [-1, 0.383884, ] [-1, 0.383884, ] [-1, 0.383884, ] [-1, 0.383884, ] [-1, 0.383884, ] [-1, 0.383884, ] [-1, 0.383884, ] [-1, 0.383884, ] [-1, 0.386719, ] [-1, 0.770566, ] [-1, 1, ] [-0.999999, -0.622935, ] [-0.999999, -0.622935, ] [-0.999999, -0.622935, ] [-0.999999, -0.622937, ] [-0.999999, -0.622935, ] [-0.998633, 1, ] [-0.997361, -0.623147, ] [-0.997265, 1.00001, ] [-0.99475, -0.623533, ] [-0.994527, 1, ] [-0.990069, -0.623011, ] [-0.989035, 1.00001, ] [-0.980236, -0.622222, ] [-0.977995, 1, ] [-0.960112, -0.621648, ] [-0.955682, 1.00001, ] [-0.918672, -0.618892, ] [-0.910086, 1.00001, ] [-0.829784, -0.610654, ] [-0.814652, 1, ] [-0.797246, 0.358147, ] [-0.695827, 0.462108, ] [-0.678054, 0.665618, ] [-0.669403, -1, ] [-0.661179, -1, ] [-0.659713, 0.526621, ] [-0.656904, -1, ] [-0.652276, -0.999999, ] [-0.631206, -1, ] [-0.616757, -0.559798, ] [-0.603073, 1.00001, ] [-0.591135, -1, ] [-0.582549, -1, ] [-0.565937, -0.999999, ] [-0.564115, -1, ] [-0.560424, 0.304975, ] [-0.500803, -1, ] [-0.370773, -0.661757, ] [-0.294627, -0.449607, ] [-0.260485, -1, ] [-0.133974, -1, ] [-0.0489716, 0.906223, ] [-0.0419601, 1, ] [-0.0268045, -0.321035, ] [0, 0, ] [0.0026506, -0.324756, ] [0.0156234, 1, ] [0.0191441, 1, ] [0.0623995, -0.317988, ] [0.0642945, -1, ] [0.110042, -1, ] [0.11625, -0.302023, ] [0.137323, -1, ] [0.140972, -0.375665, ] [0.154591, -1, ] [0.188014, -0.413932, ] [0.191441, -0.999999, ] [0.218762, 0.545681, ] [0.22016, -0.440749, ] [0.233901, -0.58465, ] [0.302989, 1, ] [0.303493, 1, ] [0.304506, 1, ] [0.306556, 1, ] [0.31075, 1, ] [0.319537, 1.00001, ] [0.325583, -1, ] [0.338902, 1.00001, ] [0.386868, 1.00001, ] [0.399173, -0.999999, ] [0.444834, -1, ] [0.456872, 0.0713226, ] [0.502265, -0.999999, ] [0.551787, 1, ] [0.55841, -1, ] [0.591159, 0.704912, ] [0.758614, 0.416454, ] [0.786939, -1, ] [0.835651, -0.707762, ] [0.902813, -0.870571, ] [0.977784, 0.530039, ] [0.984833, 0.472662, ] [1, 0.473098, ] [1, -0.975529, ] [1, -0.171859, ] [1, 0.528866, ] [1, 0.452261, ] [1, 0.606417, ] [1, -0.710534, ] [1, -0.0769021, ] [1, 0.588979, ] [1, 0.423825, ] [1, -0.483527, ] [1, -0.125669, ] [1, -0.0686621, ] [1, -1, ] [1, 0.0909203, ] [1, 0.268276, ] [1, 0.639188, ] [1, 1, ] [1.00001, 0.624876, ] [1.00001, -0.390131, ] [1.00001, -0.569154, ] [1.00001, 0.630471, ] [1.00001, -0.036395, ] [1.00001, -0.527219, ] [1.00001, -0.597495, ] Polynom = [1.99645,0.5070930940898318307,-0.06464539488917915577,0.2440365371389021654,-0.07772185436131014146,0.0385269840048074741,-0.01525446018251434832,0.02181844090991193197,-0.01594531802063769987] 
Error step 1 : 0.01140059938885
Error step 2 : 0.01153750099881
Distance between errors :0.0001369016099621

Generated D0 is : [-1, -0.622337, ] [-1, -1, ] [-1, -0.679628, ] [-1, -0.622935, ] [-1, -0.622935, ] [-1, -0.622935, ] [-1, -0.622935, ] [-1, -0.543271, ] [-1, 0.369263, ] [-1, 0.383883, ] [-1, 0.383884, ] [-1, 0.383884, ] [-1, 0.383884, ] [-1, 0.383884, ] [-1, 0.383884, ] [-1, 0.383884, ] [-1, 0.383884, ] [-1, 0.383884, ] [-1, 0.383884, ] [-1, 0.386719, ] [-1, 0.770566, ] [-1, 1, ] [-0.999999, -0.622935, ] [-0.999999, -0.622935, ] [-0.999999, -0.622935, ] [-0.999999, -0.622935, ] [-0.999999, -0.622937, ] [-0.999999, -0.622935, ] [-0.999316, 1, ] [-0.998664, -0.622977, ] [-0.998633, 1, ] [-0.997361, -0.623147, ] [-0.997265, 1.00001, ] [-0.99475, -0.623533, ] [-0.994527, 1, ] [-0.990069, -0.623011, ] [-0.989035, 1.00001, ] [-0.980236, -0.622222, ] [-0.977995, 1, ] [-0.960112, -0.621648, ] [-0.955682, 1.00001, ] [-0.918672, -0.618892, ] [-0.910086, 1.00001, ] [-0.829784, -0.610654, ] [-0.814652, 1, ] [-0.797246, 0.358147, ] [-0.695827, 0.462108, ] [-0.678054, 0.665618, ] [-0.669403, -1, ] [-0.661179, -1, ] [-0.659713, 0.526621, ] [-0.656904, -1, ] [-0.652276, -0.999999, ] [-0.631206, -1, ] [-0.628179, -0.999999, ] [-0.616757, -0.559798, ] [-0.603073, 1.00001, ] [-0.591135, -1, ] [-0.582549, -1, ] [-0.565937, -0.999999, ] [-0.564115, -1, ] [-0.560424, 0.304975, ] [-0.500803, -1, ] [-0.370773, -0.661757, ] [-0.294627, -0.449607, ] [-0.260485, -1, ] [-0.133974, -1, ] [-0.0489716, 0.906223, ] [-0.0419601, 1, ] [-0.0268045, -0.321035, ] [0, 0, ] [0.0026506, -0.324756, ] [0.0156234, 1, ] [0.0191441, 1, ] [0.0623995, -0.317988, ] [0.0642945, -1, ] [0.087665, -0.352857, ] [0.110042, -1, ] [0.11625, -0.302023, ] [0.137323, -1, ] [0.140972, -0.375665, ] [0.154591, -1, ] [0.188014, -0.413932, ] [0.191441, -0.999999, ] [0.218762, 0.545681, ] [0.22016, -0.440749, ] [0.233901, -0.58465, ] [0.263714, -1, ] [0.302738, 1, ] [0.302989, 1, ] [0.303493, 1, ] [0.304506, 1, ] [0.306556, 1, ] [0.31075, 1, ] [0.319537, 1.00001, ] [0.325583, -1, ] [0.338902, 1.00001, ] [0.386868, 1.00001, ] [0.399173, -0.999999, ] [0.444834, -1, ] [0.456872, 0.0713226, ] [0.502265, -0.999999, ] [0.551787, 1, ] [0.55841, -1, ] [0.591159, 0.704912, ] [0.758614, 0.416454, ] [0.786939, -1, ] [0.835651, -0.707762, ] [0.902813, -0.870571, ] [0.977784, 0.530039, ] [0.984833, 0.472662, ] [1, 0.473098, ] [1, -0.975529, ] [1, -0.171859, ] [1, 0.551767, ] [1, 0.528866, ] [1, 0.452261, ] [1, 0.606417, ] [1, -0.710534, ] [1, -0.0769021, ] [1, 0.588979, ] [1, 0.423825, ] [1, -0.287226, ] [1, -0.483527, ] [1, -0.125669, ] [1, -0.0686621, ] [1, -1, ] [1, 0.0909203, ] [1, 0.268276, ] [1, 0.639188, ] [1, 1, ] [1.00001, 0.624876, ] [1.00001, -0.390131, ] [1.00001, -0.569154, ] [1.00001, 0.630471, ] [1.00001, -0.036395, ] [1.00001, -0.527219, ] [1.00001, -0.597495, ] Polynom = [1.99618,0.507015101560732262,-0.06429840423588197018,0.2442381411337890274,-0.07740669934898675164,0.03801022499759909579,-0.01478447222931000837,0.02221158845133346105,-0.0168090676811374351] 
Error step 1 : 0.01140059938885
Error step 2 : 0.0114338397354
Distance between errors :3.324034655422e-05

Generated D0 is : [-1, -0.622337, ] [-1, -1, ] [-1, -0.679628, ] [-1, -0.622935, ] [-1, -0.622935, ] [-1, -0.622935, ] [-1, -0.622935, ] [-1, -0.622935, ] [-1, -0.543271, ] [-1, 0.369263, ] [-1, 0.383883, ] [-1, 0.383884, ] [-1, 0.383884, ] [-1, 0.383884, ] [-1, 0.383884, ] [-1, 0.383884, ] [-1, 0.383884, ] [-1, 0.383884, ] [-1, 0.383884, ] [-1, 0.383884, ] [-1, 0.383884, ] [-1, 0.386719, ] [-1, 0.770566, ] [-1, 1, ] [-0.999999, -0.622935, ] [-0.999999, -0.622935, ] [-0.999999, -0.622935, ] [-0.999999, -0.622935, ] [-0.999999, -0.622937, ] [-0.999999, -0.622935, ] [-0.999658, 1.00001, ] [-0.999332, -0.622949, ] [-0.999316, 1, ] [-0.998664, -0.622977, ] [-0.998633, 1, ] [-0.997361, -0.623147, ] [-0.997265, 1.00001, ] [-0.99475, -0.623533, ] [-0.994527, 1, ] [-0.990069, -0.623011, ] [-0.989035, 1.00001, ] [-0.980236, -0.622222, ] [-0.977995, 1, ] [-0.960112, -0.621648, ] [-0.955682, 1.00001, ] [-0.918672, -0.618892, ] [-0.910086, 1.00001, ] [-0.829784, -0.610654, ] [-0.814652, 1, ] [-0.797246, 0.358147, ] [-0.695827, 0.462108, ] [-0.678054, 0.665618, ] [-0.669403, -1, ] [-0.661179, -1, ] [-0.659713, 0.526621, ] [-0.656904, -1, ] [-0.652276, -0.999999, ] [-0.63555, -0.999999, ] [-0.631206, -1, ] [-0.628179, -0.999999, ] [-0.616757, -0.559798, ] [-0.603073, 1.00001, ] [-0.591135, -1, ] [-0.582549, -1, ] [-0.565937, -0.999999, ] [-0.564115, -1, ] [-0.560424, 0.304975, ] [-0.500803, -1, ] [-0.370773, -0.661757, ] [-0.294627, -0.449607, ] [-0.260485, -1, ] [-0.133974, -1, ] [-0.0489716, 0.906223, ] [-0.0419601, 1, ] [-0.0268045, -0.321035, ] [0, 0, ] [0.0026506, -0.324756, ] [0.0156234, 1, ] [0.0191441, 1, ] [0.0623995, -0.317988, ] [0.0642945, -1, ] [0.0845537, -0.34763, ] [0.087665, -0.352857, ] [0.110042, -1, ] [0.11625, -0.302023, ] [0.137323, -1, ] [0.140972, -0.375665, ] [0.154591, -1, ] [0.188014, -0.413932, ] [0.191441, -0.999999, ] [0.218762, 0.545681, ] [0.22016, -0.440749, ] [0.232453, -0.999999, ] [0.233901, -0.58465, ] [0.263714, -1, ] [0.302612, 1, ] [0.302738, 1, ] [0.302989, 1, ] [0.303493, 1, ] [0.304506, 1, ] [0.306556, 1, ] [0.31075, 1, ] [0.319537, 1.00001, ] [0.325583, -1, ] [0.338902, 1.00001, ] [0.386868, 1.00001, ] [0.399173, -0.999999, ] [0.444834, -1, ] [0.456872, 0.0713226, ] [0.502265, -0.999999, ] [0.551787, 1, ] [0.55841, -1, ] [0.591159, 0.704912, ] [0.758614, 0.416454, ] [0.786939, -1, ] [0.835651, -0.707762, ] [0.902813, -0.870571, ] [0.977784, 0.530039, ] [0.984833, 0.472662, ] [1, 0.473098, ] [1, -0.975529, ] [1, 0.52553, ] [1, -0.171859, ] [1, 0.551767, ] [1, 0.528866, ] [1, 0.452261, ] [1, 0.606417, ] [1, -0.710534, ] [1, -0.0769021, ] [1, 0.588979, ] [1, 0.423825, ] [1, -0.287226, ] [1, -0.483527, ] [1, -0.125669, ] [1, -0.0686621, ] [1, -1, ] [1, 0.0909203, ] [1, 0.268276, ] [1, 0.639188, ] [1, 1, ] [1.00001, 0.624876, ] [1.00001, -0.390131, ] [1.00001, -0.569154, ] [1.00001, 0.630471, ] [1.00001, -0.036395, ] [1.00001, -0.340035, ] [1.00001, -0.527219, ] [1.00001, -0.597495, ] Polynom = [1.99566,0.5068712514029394268,-0.0636305797628950176,0.2446122502379851072,-0.07682187780609117666,0.03705129435050480425,-0.0138866961637330033,0.02294026015202366154,-0.01843582280121580652] 
Error step 1 : 0.01140059938885
Error step 2 : 0.01143255524816
Distance between errors :3.195585931029e-05

Generated D0 is : [-1, -0.622337, ] [-1, -1, ] [-1, -0.679628, ] [-1, -0.622935, ] [-1, -0.622935, ] [-1, -0.622935, ] [-1, -0.622935, ] [-1, -0.622935, ] [-1, -0.543271, ] [-1, 0.369263, ] [-1, 0.383883, ] [-1, 0.383884, ] [-1, 0.383884, ] [-1, 0.383884, ] [-1, 0.383884, ] [-1, 0.383884, ] [-1, 0.383884, ] [-1, 0.383884, ] [-1, 0.383884, ] [-1, 0.383884, ] [-1, 0.383884, ] [-1, 0.383884, ] [-1, 0.386719, ] [-1, 0.770566, ] [-1, 1, ] [-0.999999, -0.622935, ] [-0.999999, -0.622935, ] [-0.999999, -0.622935, ] [-0.999999, -0.622935, ] [-0.999999, -0.622937, ] [-0.999999, -0.622935, ] [-0.999829, 1.00001, ] [-0.999665, -0.622935, ] [-0.999658, 1.00001, ] [-0.999332, -0.622949, ] [-0.999316, 1, ] [-0.998664, -0.622977, ] [-0.998633, 1, ] [-0.997361, -0.623147, ] [-0.997265, 1.00001, ] [-0.99475, -0.623533, ] [-0.994527, 1, ] [-0.990069, -0.623011, ] [-0.989035, 1.00001, ] [-0.980236, -0.622222, ] [-0.977995, 1, ] [-0.960112, -0.621648, ] [-0.955682, 1.00001, ] [-0.918672, -0.618892, ] [-0.910086, 1.00001, ] [-0.829784, -0.610654, ] [-0.814652, 1, ] [-0.797246, 0.358147, ] [-0.695827, 0.462108, ] [-0.678054, 0.665618, ] [-0.669403, -1, ] [-0.661179, -1, ] [-0.659713, 0.526621, ] [-0.656904, -1, ] [-0.652276, -0.999999, ] [-0.649908, -0.999999, ] [-0.63555, -0.999999, ] [-0.631206, -1, ] [-0.628179, -0.999999, ] [-0.616757, -0.559798, ] [-0.603073, 1.00001, ] [-0.591135, -1, ] [-0.582549, -1, ] [-0.565937, -0.999999, ] [-0.564115, -1, ] [-0.560424, 0.304975, ] [-0.500803, -1, ] [-0.370773, -0.661757, ] [-0.294627, -0.449607, ] [-0.260485, -1, ] [-0.133974, -1, ] [-0.0489716, 0.906223, ] [-0.0419601, 1, ] [-0.0268045, -0.321035, ] [0, 0, ] [0.0026506, -0.324756, ] [0.0156234, 1, ] [0.0191441, 1, ] [0.0623995, -0.317988, ] [0.0642945, -1, ] [0.0791983, -0.337162, ] [0.0845537, -0.34763, ] [0.087665, -0.352857, ] [0.110042, -1, ] [0.11625, -0.302023, ] [0.137323, -1, ] [0.140972, -0.375665, ] [0.154591, -1, ] [0.178419, -0.999999, ] [0.188014, -0.413932, ] [0.191441, -0.999999, ] [0.218762, 0.545681, ] [0.22016, -0.440749, ] [0.232453, -0.999999, ] [0.233901, -0.58465, ] [0.263714, -1, ] [0.302549, 1, ] [0.302612, 1, ] [0.302738, 1, ] [0.302989, 1, ] [0.303493, 1, ] [0.304506, 1, ] [0.306556, 1, ] [0.31075, 1, ] [0.319537, 1.00001, ] [0.325583, -1, ] [0.338902, 1.00001, ] [0.386868, 1.00001, ] [0.399173, -0.999999, ] [0.444834, -1, ] [0.456872, 0.0713226, ] [0.502265, -0.999999, ] [0.551787, 1, ] [0.55841, -1, ] [0.591159, 0.704912, ] [0.758614, 0.416454, ] [0.786939, -1, ] [0.835651, -0.707762, ] [0.902813, -0.870571, ] [0.977784, 0.530039, ] [0.984833, 0.472662, ] [1, 0.473098, ] [1, 0.487428, ] [1, -0.975529, ] [1, 0.52553, ] [1, -0.171859, ] [1, 0.551767, ] [1, 0.528866, ] [1, 0.452261, ] [1, 0.606417, ] [1, -0.710534, ] [1, -0.0769021, ] [1, 0.588979, ] [1, -0.437905, ] [1, 0.423825, ] [1, -0.287226, ] [1, -0.483527, ] [1, -0.125669, ] [1, -0.0686621, ] [1, -1, ] [1, 0.0909203, ] [1, 0.268276, ] [1, 0.639188, ] [1, 1, ] [1.00001, 0.624876, ] [1.00001, -0.390131, ] [1.00001, -0.569154, ] [1.00001, 0.630471, ] [1.00001, -0.036395, ] [1.00001, -0.340035, ] [1.00001, -0.527219, ] [1.00001, -0.597495, ] Polynom = [1.99995,0.517756206196083868,-0.05711023267629844468,0.2445215070992309281,-0.07696373092279350236,0.03728389060595915794,-0.01827487443987199644,0.01191345224217663785,-0.02472357363235744287] 
Error step 1 : 0.01140059938885
Error step 2 : 0.01150438562655
Distance between errors :0.0001037862377015

Generated D0 is : [-1, -0.622337, ] [-1, -1, ] [-1, -0.679628, ] [-1, -0.622935, ] [-1, -0.622935, ] [-1, -0.622935, ] [-1, -0.622935, ] [-1, -0.622935, ] [-1, -0.622935, ] [-1, -0.543271, ] [-1, 0.369263, ] [-1, 0.383883, ] [-1, 0.383884, ] [-1, 0.383884, ] [-1, 0.383884, ] [-1, 0.383884, ] [-1, 0.383884, ] [-1, 0.383884, ] [-1, 0.383884, ] [-1, 0.383884, ] [-1, 0.383884, ] [-1, 0.383884, ] [-1, 0.383884, ] [-1, 0.383884, ] [-1, 0.386719, ] [-1, 0.770566, ] [-1, 1, ] [-0.999999, -0.622935, ] [-0.999999, -0.622935, ] [-0.999999, -0.622935, ] [-0.999999, -0.622935, ] [-0.999999, -0.622937, ] [-0.999999, -0.622935, ] [-0.999831, -0.62294, ] [-0.999829, 1.00001, ] [-0.999665, -0.622935, ] [-0.999658, 1.00001, ] [-0.999332, -0.622949, ] [-0.999316, 1, ] [-0.998664, -0.622977, ] [-0.998633, 1, ] [-0.997361, -0.623147, ] [-0.997265, 1.00001, ] [-0.99475, -0.623533, ] [-0.994527, 1, ] [-0.990069, -0.623011, ] [-0.989035, 1.00001, ] [-0.980236, -0.622222, ] [-0.977995, 1, ] [-0.960112, -0.621648, ] [-0.955682, 1.00001, ] [-0.918672, -0.618892, ] [-0.910086, 1.00001, ] [-0.829784, -0.610654, ] [-0.814652, 1, ] [-0.797246, 0.358147, ] [-0.715503, 0.492037, ] [-0.695827, 0.462108, ] [-0.678054, 0.665618, ] [-0.669403, -1, ] [-0.661179, -1, ] [-0.659713, 0.526621, ] [-0.656904, -1, ] [-0.652276, -0.999999, ] [-0.649908, -0.999999, ] [-0.646407, -1, ] [-0.63555, -0.999999, ] [-0.631206, -1, ] [-0.628179, -0.999999, ] [-0.616757, -0.559798, ] [-0.603073, 1.00001, ] [-0.591135, -1, ] [-0.582549, -1, ] [-0.565937, -0.999999, ] [-0.564115, -1, ] [-0.560424, 0.304975, ] [-0.500803, -1, ] [-0.370773, -0.661757, ] [-0.294627, -0.449607, ] [-0.260485, -1, ] [-0.149349, 0.800439, ] [-0.133974, -1, ] [-0.0489716, 0.906223, ] [-0.0419601, 1, ] [-0.0268045, -0.321035, ] [0, 0, ] [0.0026506, -0.324756, ] [0.0156234, 1, ] [0.0158768, 1, ] [0.0191441, 1, ] [0.0623995, -0.317988, ] [0.0642945, -1, ] [0.0791983, -0.337162, ] [0.0845537, -0.34763, ] [0.087665, -0.352857, ] [0.110042, -1, ] [0.11625, -0.302023, ] [0.137323, -1, ] [0.140972, -0.375665, ] [0.154591, -1, ] [0.175157, -0.423114, ] [0.178419, -0.999999, ] [0.188014, -0.413932, ] [0.191037, -0.999999, ] [0.191441, -0.999999, ] [0.218762, 0.545681, ] [0.22016, -0.440749, ] [0.232453, -0.999999, ] [0.233901, -0.58465, ] [0.263714, -1, ] [0.302549, 1, ] [0.302612, 1, ] [0.302738, 1, ] [0.302989, 1, ] [0.303493, 1, ] [0.304506, 1, ] [0.306556, 1, ] [0.31075, 1, ] [0.319537, 1.00001, ] [0.325583, -1, ] [0.338902, 1.00001, ] [0.386868, 1.00001, ] [0.399173, -0.999999, ] [0.444834, -1, ] [0.456872, 0.0713226, ] [0.502265, -0.999999, ] [0.551787, 1, ] [0.55841, -1, ] [0.591159, 0.704912, ] [0.758614, 0.416454, ] [0.786939, -1, ] [0.835651, -0.707762, ] [0.902813, -0.870571, ] [0.977784, 0.530039, ] [0.984833, 0.472662, ] [1, 0.473098, ] [1, 0.487428, ] [1, -0.975529, ] [1, 0.52553, ] [1, -0.171859, ] [1, 0.551767, ] [1, 0.528866, ] [1, 0.452261, ] [1, 0.606417, ] [1, 0.495603, ] [1, -0.710534, ] [1, -0.0769021, ] [1, 0.588979, ] [1, -0.437905, ] [1, 0.423825, ] [1, -0.287226, ] [1, -0.483527, ] [1, -0.125669, ] [1, -0.0686621, ] [1, -1, ] [1, 0.0909203, ] [1, 0.268276, ] [1, 0.639188, ] [1, 1, ] [1.00001, 0.624876, ] [1.00001, -0.390131, ] [1.00001, -0.569154, ] [1.00001, 0.630471, ] [1.00001, -0.036395, ] [1.00001, -0.414302, ] [1.00001, -0.340035, ] [1.00001, -0.527219, ] [1.00001, -0.597495, ] Polynom = [1.99988,0.5176892206228825844,-0.05707202048645275416,0.2445743894505474359,-0.07689585115001731918,0.03716312848187038054,-0.01814885119888898223,0.01204831758815316789,-0.02488254794630049768] 
Error step 1 : 0.01140059938885
Error step 2 : 0.01140260480443
Distance between errors :2.005415579446e-06

Generated D0 is : [-1, -0.622337, ] [-1, -1, ] [-1, -0.679628, ] [-1, -0.622935, ] [-1, -0.622935, ] [-1, -0.622935, ] [-1, -0.622935, ] [-1, -0.622935, ] [-1, -0.622935, ] [-1, -0.622935, ] [-1, -0.543271, ] [-1, 0.369263, ] [-1, 0.383883, ] [-1, 0.383884, ] [-1, 0.383884, ] [-1, 0.383884, ] [-1, 0.383884, ] [-1, 0.383884, ] [-1, 0.383884, ] [-1, 0.383884, ] [-1, 0.383884, ] [-1, 0.383884, ] [-1, 0.383884, ] [-1, 0.383884, ] [-1, 0.383884, ] [-1, 0.383884, ] [-1, 0.386719, ] [-1, 0.770566, ] [-1, 1, ] [-0.999999, -0.622935, ] [-0.999999, -0.622935, ] [-0.999999, -0.622935, ] [-0.999999, -0.622935, ] [-0.999999, -0.622937, ] [-0.999999, -0.622935, ] [-0.999915, -0.622937, ] [-0.999831, -0.62294, ] [-0.999829, 1.00001, ] [-0.999665, -0.622935, ] [-0.999658, 1.00001, ] [-0.999332, -0.622949, ] [-0.999316, 1, ] [-0.998664, -0.622977, ] [-0.998633, 1, ] [-0.997361, -0.623147, ] [-0.997265, 1.00001, ] [-0.99475, -0.623533, ] [-0.994527, 1, ] [-0.990069, -0.623011, ] [-0.989035, 1.00001, ] [-0.980236, -0.622222, ] [-0.977995, 1, ] [-0.960112, -0.621648, ] [-0.955682, 1.00001, ] [-0.918672, -0.618892, ] [-0.910086, 1.00001, ] [-0.829784, -0.610654, ] [-0.814652, 1, ] [-0.797246, 0.358147, ] [-0.715503, 0.492037, ] [-0.695827, 0.462108, ] [-0.689571, 0.503278, ] [-0.678054, 0.665618, ] [-0.669403, -1, ] [-0.661179, -1, ] [-0.659713, 0.526621, ] [-0.656904, -1, ] [-0.652276, -0.999999, ] [-0.649908, -0.999999, ] [-0.648073, -0.999999, ] [-0.646407, -1, ] [-0.63555, -0.999999, ] [-0.631206, -1, ] [-0.628179, -0.999999, ] [-0.616757, -0.559798, ] [-0.603073, 1.00001, ] [-0.591135, -1, ] [-0.582549, -1, ] [-0.565937, -0.999999, ] [-0.564115, -1, ] [-0.560424, 0.304975, ] [-0.500803, -1, ] [-0.370773, -0.661757, ] [-0.294627, -0.449607, ] [-0.260485, -1, ] [-0.149658, 0.800459, ] [-0.149349, 0.800439, ] [-0.133974, -1, ] [-0.0489716, 0.906223, ] [-0.0419601, 1, ] [-0.0268045, -0.321035, ] [0, 0, ] [0.0026506, -0.324756, ] [0.0156234, 1, ] [0.0158768, 1, ] [0.0159486, 1, ] [0.0191441, 1, ] [0.0623995, -0.317988, ] [0.0642945, -1, ] [0.0791983, -0.337162, ] [0.0845537, -0.34763, ] [0.087665, -0.352857, ] [0.110042, -1, ] [0.11625, -0.302023, ] [0.137323, -1, ] [0.140972, -0.375665, ] [0.154591, -1, ] [0.175157, -0.423114, ] [0.175297, -0.422092, ] [0.178419, -0.999999, ] [0.184965, -0.999999, ] [0.188014, -0.413932, ] [0.191037, -0.999999, ] [0.191441, -0.999999, ] [0.218762, 0.545681, ] [0.22016, -0.440749, ] [0.232453, -0.999999, ] [0.233901, -0.58465, ] [0.263714, -1, ] [0.302549, 1, ] [0.302612, 1, ] [0.302738, 1, ] [0.302989, 1, ] [0.303493, 1, ] [0.304506, 1, ] [0.306556, 1, ] [0.31075, 1, ] [0.319537, 1.00001, ] [0.325583, -1, ] [0.338902, 1.00001, ] [0.386868, 1.00001, ] [0.399173, -0.999999, ] [0.444834, -1, ] [0.456872, 0.0713226, ] [0.502265, -0.999999, ] [0.551787, 1, ] [0.55841, -1, ] [0.591159, 0.704912, ] [0.758614, 0.416454, ] [0.786939, -1, ] [0.835651, -0.707762, ] [0.902813, -0.870571, ] [0.977784, 0.530039, ] [0.984833, 0.472662, ] [1, 0.473098, ] [1, 0.487428, ] [1, -0.975529, ] [1, 0.52553, ] [1, -0.171859, ] [1, 0.551767, ] [1, 0.528866, ] [1, 0.452261, ] [1, 0.490739, ] [1, 0.606417, ] [1, 0.495603, ] [1, -0.710534, ] [1, -0.0769021, ] [1, -0.426172, ] [1, 0.588979, ] [1, -0.437905, ] [1, 0.423825, ] [1, -0.287226, ] [1, -0.483527, ] [1, -0.125669, ] [1, -0.0686621, ] [1, -1, ] [1, 0.0909203, ] [1, 0.268276, ] [1, 0.639188, ] [1, 1, ] [1.00001, 0.624876, ] [1.00001, -0.390131, ] [1.00001, -0.569154, ] [1.00001, 0.630471, ] [1.00001, -0.036395, ] [1.00001, -0.414302, ] [1.00001, -0.340035, ] [1.00001, -0.527219, ] [1.00001, -0.597495, ] Polynom = [1.99577,0.5068968520782136667,-0.0637655648331074687,0.2445503202721378556,-0.07692990923827666693,0.03722125574853762942,-0.01405801052827271302,0.02280662804456435114,-0.01813087633297863487] 
Error step 1 : 0.01140059938885
Error step 2 : 0.01140108359961
Distance between errors :4.842107572939e-07

Generated D0 is : [-1, -0.622337, ] [-1, -1, ] [-1, -0.679628, ] [-1, -0.622935, ] [-1, -0.622935, ] [-1, -0.622935, ] [-1, -0.622935, ] [-1, -0.622935, ] [-1, -0.622935, ] [-1, -0.622935, ] [-1, -0.622935, ] [-1, -0.543271, ] [-1, 0.369263, ] [-1, 0.383883, ] [-1, 0.383884, ] [-1, 0.383884, ] [-1, 0.383884, ] [-1, 0.383884, ] [-1, 0.383884, ] [-1, 0.383884, ] [-1, 0.383884, ] [-1, 0.383884, ] [-1, 0.383884, ] [-1, 0.383884, ] [-1, 0.383884, ] [-1, 0.383884, ] [-1, 0.383884, ] [-1, 0.383884, ] [-1, 0.386719, ] [-1, 0.770566, ] [-1, 1, ] [-0.999999, -0.622935, ] [-0.999999, -0.622935, ] [-0.999999, -0.622935, ] [-0.999999, -0.622935, ] [-0.999999, -0.622937, ] [-0.999999, -0.622935, ] [-0.999957, -0.622935, ] [-0.999915, -0.622937, ] [-0.999831, -0.62294, ] [-0.999829, 1.00001, ] [-0.999829, 1.00001, ] [-0.999665, -0.622935, ] [-0.999658, 1.00001, ] [-0.999332, -0.622949, ] [-0.999316, 1, ] [-0.998664, -0.622977, ] [-0.998633, 1, ] [-0.997361, -0.623147, ] [-0.997265, 1.00001, ] [-0.99475, -0.623533, ] [-0.994527, 1, ] [-0.990069, -0.623011, ] [-0.989035, 1.00001, ] [-0.980236, -0.622222, ] [-0.977995, 1, ] [-0.960112, -0.621648, ] [-0.955682, 1.00001, ] [-0.918672, -0.618892, ] [-0.910086, 1.00001, ] [-0.829784, -0.610654, ] [-0.814652, 1, ] [-0.797246, 0.358147, ] [-0.715503, 0.492037, ] [-0.695827, 0.462108, ] [-0.689571, 0.503278, ] [-0.678054, 0.665618, ] [-0.669403, -1, ] [-0.661179, -1, ] [-0.659713, 0.526621, ] [-0.656904, -1, ] [-0.652276, -0.999999, ] [-0.649908, -0.999999, ] [-0.648073, -0.999999, ] [-0.647236, -1, ] [-0.646407, -1, ] [-0.63555, -0.999999, ] [-0.631206, -1, ] [-0.628179, -0.999999, ] [-0.616757, -0.559798, ] [-0.603073, 1.00001, ] [-0.591135, -1, ] [-0.582549, -1, ] [-0.565937, -0.999999, ] [-0.564115, -1, ] [-0.560424, 0.304975, ] [-0.500803, -1, ] [-0.370773, -0.661757, ] [-0.294627, -0.449607, ] [-0.260485, -1, ] [-0.149658, 0.800459, ] [-0.149349, 0.800439, ] [-0.133974, -1, ] [-0.0489716, 0.906223, ] [-0.0419601, 1, ] [-0.0268045, -0.321035, ] [0, 0, ] [0.0026506, -0.324756, ] [0.0156234, 1, ] [0.0158768, 1, ] [0.0159486, 1, ] [0.0191441, 1, ] [0.0623995, -0.317988, ] [0.0642945, -1, ] [0.0791983, -0.337162, ] [0.0806819, -0.339081, ] [0.0845537, -0.34763, ] [0.087665, -0.352857, ] [0.110042, -1, ] [0.11625, -0.302023, ] [0.137323, -1, ] [0.140972, -0.375665, ] [0.154591, -1, ] [0.175157, -0.423114, ] [0.175297, -0.422092, ] [0.178419, -0.999999, ] [0.184965, -0.999999, ] [0.188004, -0.999999, ] [0.188014, -0.413932, ] [0.191037, -0.999999, ] [0.191441, -0.999999, ] [0.218762, 0.545681, ] [0.22016, -0.440749, ] [0.232453, -0.999999, ] [0.233901, -0.58465, ] [0.263714, -1, ] [0.302549, 1, ] [0.302549, 1, ] [0.302612, 1, ] [0.302738, 1, ] [0.302989, 1, ] [0.303493, 1, ] [0.304506, 1, ] [0.306556, 1, ] [0.31075, 1, ] [0.319537, 1.00001, ] [0.325583, -1, ] [0.338902, 1.00001, ] [0.386868, 1.00001, ] [0.399173, -0.999999, ] [0.444834, -1, ] [0.456872, 0.0713226, ] [0.502265, -0.999999, ] [0.551787, 1, ] [0.55841, -1, ] [0.591159, 0.704912, ] [0.758614, 0.416454, ] [0.786939, -1, ] [0.835651, -0.707762, ] [0.902813, -0.870571, ] [0.977784, 0.530039, ] [0.984833, 0.472662, ] [1, 0.492926, ] [1, 0.473098, ] [1, 0.487428, ] [1, -0.975529, ] [1, 0.52553, ] [1, -0.171859, ] [1, 0.551767, ] [1, 0.528866, ] [1, 0.452261, ] [1, 0.490739, ] [1, 0.606417, ] [1, 0.495603, ] [1, -0.420364, ] [1, -0.710534, ] [1, -0.0769021, ] [1, -0.426172, ] [1, 0.588979, ] [1, -0.437905, ] [1, 0.423825, ] [1, -0.287226, ] [1, -0.483527, ] [1, -0.125669, ] [1, -0.0686621, ] [1, -1, ] [1, 0.0909203, ] [1, 0.268276, ] [1, 0.639188, ] [1, 1, ] [1.00001, 0.624876, ] [1.00001, -0.390131, ] [1.00001, -0.569154, ] [1.00001, 0.630471, ] [1.00001, -0.036395, ] [1.00001, -0.414302, ] [1.00001, -0.340035, ] [1.00001, -0.527219, ] [1.00001, -0.597495, ] Polynom = [2.00823,0.506900852472071728,-0.07623912592208867411,0.2445383290619499717,-0.07694684928005240953,0.03725018700049709253,-0.02653956243162869377,0.02278568760892775089,-0.005628383992036798885] 
Error step 1 : 0.01140059938885
Error step 2 : 0.01141195435089
Distance between errors :1.135496203708e-05

Generated D0 is : [-1, -0.622935, ] [-1, -0.622337, ] [-1, -1, ] [-1, -0.679628, ] [-1, -0.622935, ] [-1, -0.622935, ] [-1, -0.622935, ] [-1, -0.622935, ] [-1, -0.622935, ] [-1, -0.622935, ] [-1, -0.622935, ] [-1, -0.622935, ] [-1, -0.543271, ] [-1, 0.369263, ] [-1, 0.383883, ] [-1, 0.383884, ] [-1, 0.383884, ] [-1, 0.383884, ] [-1, 0.383884, ] [-1, 0.383884, ] [-1, 0.383884, ] [-1, 0.383884, ] [-1, 0.383884, ] [-1, 0.383884, ] [-1, 0.383884, ] [-1, 0.383884, ] [-1, 0.383884, ] [-1, 0.383884, ] [-1, 0.383884, ] [-1, 0.383884, ] [-1, 0.386719, ] [-1, 0.770566, ] [-1, 1, ] [-0.999999, -0.622935, ] [-0.999999, -0.622935, ] [-0.999999, -0.622935, ] [-0.999999, -0.622935, ] [-0.999999, -0.622937, ] [-0.999999, -0.622935, ] [-0.999957, -0.622935, ] [-0.999915, -0.622937, ] [-0.999831, -0.62294, ] [-0.999829, 1.00001, ] [-0.999829, 1, ] [-0.999829, 1.00001, ] [-0.999665, -0.622935, ] [-0.999658, 1.00001, ] [-0.999332, -0.622949, ] [-0.999316, 1, ] [-0.998664, -0.622977, ] [-0.998633, 1, ] [-0.997361, -0.623147, ] [-0.997265, 1.00001, ] [-0.99475, -0.623533, ] [-0.994527, 1, ] [-0.990069, -0.623011, ] [-0.989035, 1.00001, ] [-0.980236, -0.622222, ] [-0.977995, 1, ] [-0.960112, -0.621648, ] [-0.955682, 1.00001, ] [-0.918672, -0.618892, ] [-0.910086, 1.00001, ] [-0.874803, 0.362459, ] [-0.829784, -0.610654, ] [-0.814652, 1, ] [-0.797246, 0.358147, ] [-0.715503, 0.492037, ] [-0.695827, 0.462108, ] [-0.689571, 0.503278, ] [-0.678054, 0.665618, ] [-0.669403, -1, ] [-0.661179, -1, ] [-0.659713, 0.526621, ] [-0.656904, -1, ] [-0.652276, -0.999999, ] [-0.649908, -0.999999, ] [-0.648073, -0.999999, ] [-0.647236, -1, ] [-0.64682, -1, ] [-0.646407, -1, ] [-0.63555, -0.999999, ] [-0.631206, -1, ] [-0.628179, -0.999999, ] [-0.616757, -0.559798, ] [-0.603073, 1.00001, ] [-0.591135, -1, ] [-0.582549, -1, ] [-0.565937, -0.999999, ] [-0.564115, -1, ] [-0.560424, 0.304975, ] [-0.500803, -1, ] [-0.370773, -0.661757, ] [-0.294627, -0.449607, ] [-0.260485, -1, ] [-0.149658, 0.800459, ] [-0.149349, 0.800439, ] [-0.133974, -1, ] [-0.0489716, 0.906223, ] [-0.0419601, 1, ] [-0.0268045, -0.321035, ] [0, 0, ] [0.0026506, -0.324756, ] [0.0156234, 1, ] [0.0158768, 1, ] [0.0159486, 1, ] [0.0191441, 1, ] [0.0623995, -0.317988, ] [0.0642945, -1, ] [0.0791983, -0.337162, ] [0.0806819, -0.339081, ] [0.0845537, -0.34763, ] [0.087665, -0.352857, ] [0.110042, -1, ] [0.11625, -0.302023, ] [0.137323, -1, ] [0.140972, -0.375665, ] [0.148683, -0.573734, ] [0.154591, -1, ] [0.175157, -0.423114, ] [0.175297, -0.422092, ] [0.178419, -0.999999, ] [0.184965, -0.999999, ] [0.188004, -0.999999, ] [0.188014, -0.413932, ] [0.189521, -0.999999, ] [0.191037, -0.999999, ] [0.191441, -0.999999, ] [0.218762, 0.545681, ] [0.22016, -0.440749, ] [0.232453, -0.999999, ] [0.233901, -0.58465, ] [0.263714, -1, ] [0.302549, 1, ] [0.302549, 1.00001, ] [0.302549, 1, ] [0.302612, 1, ] [0.302738, 1, ] [0.302989, 1, ] [0.303493, 1, ] [0.304506, 1, ] [0.306556, 1, ] [0.31075, 1, ] [0.319537, 1.00001, ] [0.325583, -1, ] [0.338902, 1.00001, ] [0.386868, 1.00001, ] [0.399173, -0.999999, ] [0.444834, -1, ] [0.456872, 0.0713226, ] [0.502265, -0.999999, ] [0.551787, 1, ] [0.55841, -1, ] [0.591159, 0.704912, ] [0.758614, 0.416454, ] [0.786939, -1, ] [0.835651, -0.707762, ] [0.902813, -0.870571, ] [0.977784, 0.530039, ] [0.984833, 0.472662, ] [1, 0.492926, ] [1, 0.473098, ] [1, 0.487428, ] [1, -0.975529, ] [1, 0.52553, ] [1, -0.171859, ] [1, 0.551767, ] [1, 0.528866, ] [1, 0.452261, ] [1, 0.490739, ] [1, 0.606417, ] [1, 0.495603, ] [1, -0.417471, ] [1, -0.420364, ] [1, -0.710534, ] [1, -0.0769021, ] [1, -0.426172, ] [1, 0.588979, ] [1, -0.437905, ] [1, 0.423825, ] [1, -0.287226, ] [1, -0.483527, ] [1, -0.125669, ] [1, -0.0686621, ] [1, -1, ] [1, 0.0909203, ] [1, 0.268276, ] [1, 0.639188, ] [1, 1, ] [1.00001, 0.624876, ] [1.00001, 0.49403, ] [1.00001, -0.390131, ] [1.00001, -0.569154, ] [1.00001, 0.630471, ] [1.00001, -0.036395, ] [1.00001, -0.414302, ] [1.00001, -0.340035, ] [1.00001, -0.527219, ] [1.00001, -0.597495, ] Polynom = [2.00817,0.5069029241104064943,-0.07618093624651145479,0.2445323469580569509,-0.0769552972393026391,0.03726461706364148086,-0.02648543652320090036,0.02277516801134139846,-0.005672143604462477617] 
Error step 1 : 0.01140059938885
Error step 2 : 0.01140276930807
Distance between errors :2.16991921663e-06

Generated D0 is : [-1, -0.622935, ] [-1, -0.622337, ] [-1, -1, ] [-1, -0.679628, ] [-1, -0.622935, ] [-1, -0.622935, ] [-1, -0.622935, ] [-1, -0.622935, ] [-1, -0.622935, ] [-1, -0.622935, ] [-1, -0.622935, ] [-1, -0.622935, ] [-1, -0.543271, ] [-1, 0.369263, ] [-1, 0.383883, ] [-1, 0.383884, ] [-1, 0.383884, ] [-1, 0.383884, ] [-1, 0.383884, ] [-1, 0.383884, ] [-1, 0.383884, ] [-1, 0.383884, ] [-1, 0.383884, ] [-1, 0.383884, ] [-1, 0.383884, ] [-1, 0.383884, ] [-1, 0.383884, ] [-1, 0.383884, ] [-1, 0.383884, ] [-1, 0.383884, ] [-1, 0.383884, ] [-1, 0.386719, ] [-1, 0.770566, ] [-1, 1, ] [-0.999999, -0.622935, ] [-0.999999, -0.622935, ] [-0.999999, -0.622935, ] [-0.999999, -0.622935, ] [-0.999999, -0.622935, ] [-0.999999, -0.622937, ] [-0.999999, -0.622935, ] [-0.999957, -0.622935, ] [-0.999915, -0.622937, ] [-0.999914, 1.00001, ] [-0.999831, -0.62294, ] [-0.999829, 1.00001, ] [-0.999829, 1, ] [-0.999829, 1.00001, ] [-0.999665, -0.622935, ] [-0.999658, 1.00001, ] [-0.999332, -0.622949, ] [-0.999316, 1, ] [-0.998664, -0.622977, ] [-0.998633, 1, ] [-0.997361, -0.623147, ] [-0.997265, 1.00001, ] [-0.99475, -0.623533, ] [-0.994527, 1, ] [-0.990069, -0.623011, ] [-0.989035, 1.00001, ] [-0.980236, -0.622222, ] [-0.977995, 1, ] [-0.960112, -0.621648, ] [-0.955682, 1.00001, ] [-0.929189, 0.371966, ] [-0.918672, -0.618892, ] [-0.910086, 1.00001, ] [-0.874803, 0.362459, ] [-0.829784, -0.610654, ] [-0.814652, 1, ] [-0.797246, 0.358147, ] [-0.715503, 0.492037, ] [-0.695827, 0.462108, ] [-0.689571, 0.503278, ] [-0.678054, 0.665618, ] [-0.669403, -1, ] [-0.661179, -1, ] [-0.659713, 0.526621, ] [-0.656904, -1, ] [-0.652276, -0.999999, ] [-0.649908, -0.999999, ] [-0.648073, -0.999999, ] [-0.647236, -1, ] [-0.64682, -1, ] [-0.646614, -0.999999, ] [-0.646407, -1, ] [-0.63555, -0.999999, ] [-0.631206, -1, ] [-0.628179, -0.999999, ] [-0.616757, -0.559798, ] [-0.603073, 1.00001, ] [-0.591135, -1, ] [-0.582549, -1, ] [-0.565937, -0.999999, ] [-0.564115, -1, ] [-0.560424, 0.304975, ] [-0.500803, -1, ] [-0.370773, -0.661757, ] [-0.294627, -0.449607, ] [-0.260485, -1, ] [-0.149658, 0.800459, ] [-0.149349, 0.800439, ] [-0.133974, -1, ] [-0.0489716, 0.906223, ] [-0.0419601, 1, ] [-0.0268045, -0.321035, ] [0, 0, ] [0.0026506, -0.324756, ] [0.0156234, 1, ] [0.0158768, 1, ] [0.0159486, 1, ] [0.0191441, 1, ] [0.0623995, -0.317988, ] [0.0642945, -1, ] [0.0791983, -0.337162, ] [0.0806819, -0.339081, ] [0.0845537, -0.34763, ] [0.087665, -0.352857, ] [0.110042, -1, ] [0.11625, -0.302023, ] [0.137323, -1, ] [0.140972, -0.375665, ] [0.148617, -0.57242, ] [0.148683, -0.573734, ] [0.154591, -1, ] [0.175157, -0.423114, ] [0.175297, -0.422092, ] [0.178419, -0.999999, ] [0.184965, -0.999999, ] [0.188004, -0.999999, ] [0.188014, -0.413932, ] [0.189521, -0.999999, ] [0.190279, -0.999999, ] [0.191037, -0.999999, ] [0.191441, -0.999999, ] [0.218762, 0.545681, ] [0.22016, -0.440749, ] [0.232453, -0.999999, ] [0.233901, -0.58465, ] [0.263714, -1, ] [0.302518, 1.00001, ] [0.302549, 1, ] [0.302549, 1.00001, ] [0.302549, 1, ] [0.302612, 1, ] [0.302738, 1, ] [0.302989, 1, ] [0.303493, 1, ] [0.304506, 1, ] [0.306556, 1, ] [0.31075, 1, ] [0.319537, 1.00001, ] [0.325583, -1, ] [0.338902, 1.00001, ] [0.386868, 1.00001, ] [0.399173, -0.999999, ] [0.444834, -1, ] [0.456872, 0.0713226, ] [0.502265, -0.999999, ] [0.551787, 1, ] [0.55841, -1, ] [0.591159, 0.704912, ] [0.758614, 0.416454, ] [0.786939, -1, ] [0.835651, -0.707762, ] [0.902813, -0.870571, ] [0.977784, 0.530039, ] [0.984833, 0.472662, ] [1, 0.492926, ] [1, 0.473098, ] [1, 0.487428, ] [1, -0.975529, ] [1, 0.52553, ] [1, -0.171859, ] [1, 0.551767, ] [1, 0.528866, ] [1, 0.452261, ] [1, 0.490739, ] [1, 0.606417, ] [1, 0.495603, ] [1, -0.417471, ] [1, -0.420364, ] [1, -0.710534, ] [1, -0.0769021, ] [1, -0.426172, ] [1, 0.588979, ] [1, -0.437905, ] [1, 0.423825, ] [1, -0.287226, ] [1, -0.483527, ] [1, -0.125669, ] [1, -0.0686621, ] [1, -1, ] [1, 0.0909203, ] [1, 0.268276, ] [1, 0.639188, ] [1, 1, ] [1.00001, 0.624876, ] [1.00001, 0.494585, ] [1.00001, 0.49403, ] [1.00001, -0.416028, ] [1.00001, -0.390131, ] [1.00001, -0.569154, ] [1.00001, 0.630471, ] [1.00001, -0.036395, ] [1.00001, -0.414302, ] [1.00001, -0.340035, ] [1.00001, -0.527219, ] [1.00001, -0.597495, ] Polynom = [1.99992,0.5176879346770374424,-0.05714284913116203512,0.2445353661444061022,-0.07695108435261968637,0.03725738499061376219,-0.0182313110232867892,0.01199437033139649778,-0.02471746279284702668] 
Error step 1 : 0.01140059938885
Error step 2 : 0.01140120998098
Distance between errors :6.105921308495e-07

Generated D0 is : [-1, -0.622935, ] [-1, -0.622935, ] [-1, -0.622337, ] [-1, -1, ] [-1, -0.679628, ] [-1, -0.622935, ] [-1, -0.622935, ] [-1, -0.622935, ] [-1, -0.622935, ] [-1, -0.622935, ] [-1, -0.622935, ] [-1, -0.622935, ] [-1, -0.622935, ] [-1, -0.543271, ] [-1, 0.369263, ] [-1, 0.383883, ] [-1, 0.383884, ] [-1, 0.383884, ] [-1, 0.383884, ] [-1, 0.383884, ] [-1, 0.383884, ] [-1, 0.383884, ] [-1, 0.383884, ] [-1, 0.383884, ] [-1, 0.383884, ] [-1, 0.383884, ] [-1, 0.383884, ] [-1, 0.383884, ] [-1, 0.383884, ] [-1, 0.383884, ] [-1, 0.383884, ] [-1, 0.383884, ] [-1, 0.383884, ] [-1, 0.386719, ] [-1, 0.770566, ] [-1, 1, ] [-0.999999, -0.622935, ] [-0.999999, -0.622935, ] [-0.999999, -0.622935, ] [-0.999999, -0.622935, ] [-0.999999, -0.622935, ] [-0.999999, -0.622937, ] [-0.999999, -0.622935, ] [-0.999957, -0.622936, ] [-0.999957, -0.622935, ] [-0.999915, -0.622937, ] [-0.999914, 1.00001, ] [-0.999831, -0.62294, ] [-0.999829, 1.00001, ] [-0.999829, 1, ] [-0.999829, 1.00001, ] [-0.999665, -0.622935, ] [-0.999658, 1.00001, ] [-0.999332, -0.622949, ] [-0.999316, 1, ] [-0.998664, -0.622977, ] [-0.998633, 1, ] [-0.997361, -0.623147, ] [-0.997265, 1.00001, ] [-0.99475, -0.623533, ] [-0.994527, 1, ] [-0.990069, -0.623011, ] [-0.989035, 1.00001, ] [-0.980236, -0.622222, ] [-0.977995, 1, ] [-0.960112, -0.621648, ] [-0.955682, 1.00001, ] [-0.929189, 0.371966, ] [-0.918672, -0.618892, ] [-0.910086, 1.00001, ] [-0.874803, 0.362459, ] [-0.829784, -0.610654, ] [-0.814652, 1, ] [-0.797246, 0.358147, ] [-0.715503, 0.492037, ] [-0.695827, 0.462108, ] [-0.694665, 0.500453, ] [-0.689571, 0.503278, ] [-0.678054, 0.665618, ] [-0.669403, -1, ] [-0.661179, -1, ] [-0.659713, 0.526621, ] [-0.656904, -1, ] [-0.652276, -0.999999, ] [-0.649908, -0.999999, ] [-0.648073, -0.999999, ] [-0.647236, -1, ] [-0.64682, -1, ] [-0.646716, -0.999999, ] [-0.646614, -0.999999, ] [-0.646407, -1, ] [-0.63555, -0.999999, ] [-0.631206, -1, ] [-0.628179, -0.999999, ] [-0.616757, -0.559798, ] [-0.603073, 1.00001, ] [-0.591135, -1, ] [-0.582549, -1, ] [-0.565937, -0.999999, ] [-0.564115, -1, ] [-0.560424, 0.304975, ] [-0.500803, -1, ] [-0.370773, -0.661757, ] [-0.294627, -0.449607, ] [-0.260485, -1, ] [-0.159203, 0.791873, ] [-0.149658, 0.800459, ] [-0.149349, 0.800439, ] [-0.133974, -1, ] [-0.0489716, 0.906223, ] [-0.0419601, 1, ] [-0.0268045, -0.321035, ] [0, 0, ] [0.0026506, -0.324756, ] [0.0156234, 1, ] [0.0158768, 1, ] [0.0159486, 1, ] [0.015969, 1, ] [0.0191441, 1, ] [0.0623995, -0.317988, ] [0.0642945, -1, ] [0.0791983, -0.337162, ] [0.0806819, -0.339081, ] [0.0845537, -0.34763, ] [0.087665, -0.352857, ] [0.110042, -1, ] [0.11625, -0.302023, ] [0.137323, -1, ] [0.140972, -0.375665, ] [0.148617, -0.57242, ] [0.148683, -0.573734, ] [0.154591, -1, ] [0.175146, -0.422596, ] [0.175157, -0.423114, ] [0.175297, -0.422092, ] [0.178419, -0.999999, ] [0.184965, -0.999999, ] [0.188004, -0.999999, ] [0.188014, -0.413932, ] [0.189521, -0.999999, ] [0.189901, -0.999999, ] [0.190279, -0.999999, ] [0.191037, -0.999999, ] [0.191441, -0.999999, ] [0.218762, 0.545681, ] [0.22016, -0.440749, ] [0.232453, -0.999999, ] [0.233901, -0.58465, ] [0.263714, -1, ] [0.302518, 1.00001, ] [0.302549, 1, ] [0.302549, 1.00001, ] [0.302549, 1, ] [0.302612, 1, ] [0.302738, 1, ] [0.302989, 1, ] [0.303493, 1, ] [0.304506, 1, ] [0.306556, 1, ] [0.31075, 1, ] [0.319537, 1.00001, ] [0.325583, -1, ] [0.338902, 1.00001, ] [0.386868, 1.00001, ] [0.399173, -0.999999, ] [0.444834, -1, ] [0.456872, 0.0713226, ] [0.502265, -0.999999, ] [0.551787, 1, ] [0.55841, -1, ] [0.591159, 0.704912, ] [0.758614, 0.416454, ] [0.786939, -1, ] [0.835651, -0.707762, ] [0.902813, -0.870571, ] [0.977784, 0.530039, ] [0.984833, 0.472662, ] [1, 0.492926, ] [1, 0.473098, ] [1, 0.487428, ] [1, -0.975529, ] [1, 0.52553, ] [1, -0.171859, ] [1, 0.551767, ] [1, 0.528866, ] [1, 0.452261, ] [1, 0.490739, ] [1, 0.606417, ] [1, 0.494305, ] [1, 0.495603, ] [1, -0.417471, ] [1, -0.420364, ] [1, -0.710534, ] [1, -0.0769021, ] [1, -0.426172, ] [1, 0.588979, ] [1, -0.437905, ] [1, 0.423825, ] [1, -0.287226, ] [1, -0.483527, ] [1, -0.125669, ] [1, -0.0686621, ] [1, -1, ] [1, 0.0909203, ] [1, 0.268276, ] [1, 0.639188, ] [1, 1, ] [1.00001, 0.624876, ] [1.00001, 0.494585, ] [1.00001, 0.49403, ] [1.00001, -0.416028, ] [1.00001, -0.390131, ] [1.00001, -0.569154, ] [1.00001, 0.630471, ] [1.00001, -0.036395, ] [1.00001, -0.41675, ] [1.00001, -0.414302, ] [1.00001, -0.340035, ] [1.00001, -0.527219, ] [1.00001, -0.597495, ] Polynom = [1.99992,0.517687465075378217,-0.05714574934392690347,0.2445338635050865462,-0.07695319357824090267,0.03726099685555510355,-0.01823425296696479236,0.01199273070743427615,-0.02471095071514159413] 
Error step 1 : 0.01140059938885
Error step 2 : 0.01140060123537
Distance between errors :1.846524239069e-09

Generated D0 is : [-1, -0.622935, ] [-1, -0.622935, ] [-1, -0.622337, ] [-1, -1, ] [-1, -0.679628, ] [-1, -0.622935, ] [-1, -0.622935, ] [-1, -0.622935, ] [-1, -0.622935, ] [-1, -0.622935, ] [-1, -0.622935, ] [-1, -0.622935, ] [-1, -0.622935, ] [-1, -0.543271, ] [-1, 0.369263, ] [-1, 0.383883, ] [-1, 0.383884, ] [-1, 0.383884, ] [-1, 0.383884, ] [-1, 0.383884, ] [-1, 0.383884, ] [-1, 0.383884, ] [-1, 0.383884, ] [-1, 0.383884, ] [-1, 0.383884, ] [-1, 0.383884, ] [-1, 0.383884, ] [-1, 0.383884, ] [-1, 0.383884, ] [-1, 0.383884, ] [-1, 0.383884, ] [-1, 0.383884, ] [-1, 0.383884, ] [-1, 0.383884, ] [-1, 0.386719, ] [-1, 0.770566, ] [-1, 1, ] [-0.999999, -0.622935, ] [-0.999999, -0.622935, ] [-0.999999, -0.622935, ] [-0.999999, -0.622935, ] [-0.999999, -0.622935, ] [-0.999999, -0.622937, ] [-0.999999, -0.622935, ] [-0.999999, -0.622935, ] [-0.999957, -0.622936, ] [-0.999957, -0.622936, ] [-0.999957, -0.622935, ] [-0.999915, -0.622937, ] [-0.999914, 1.00001, ] [-0.999831, -0.62294, ] [-0.999829, 1.00001, ] [-0.999829, 1, ] [-0.999829, 1.00001, ] [-0.999665, -0.622935, ] [-0.999658, 1.00001, ] [-0.999332, -0.622949, ] [-0.999316, 1, ] [-0.998664, -0.622977, ] [-0.998633, 1, ] [-0.997361, -0.623147, ] [-0.997265, 1.00001, ] [-0.99475, -0.623533, ] [-0.994527, 1, ] [-0.990069, -0.623011, ] [-0.989035, 1.00001, ] [-0.980236, -0.622222, ] [-0.977995, 1, ] [-0.960112, -0.621648, ] [-0.955682, 1.00001, ] [-0.929189, 0.371966, ] [-0.918672, -0.618892, ] [-0.910086, 1.00001, ] [-0.874803, 0.362459, ] [-0.829784, -0.610654, ] [-0.814652, 1, ] [-0.797246, 0.358147, ] [-0.715503, 0.492037, ] [-0.695827, 0.462108, ] [-0.694734, 0.500397, ] [-0.694665, 0.500453, ] [-0.689571, 0.503278, ] [-0.678054, 0.665618, ] [-0.669403, -1, ] [-0.661179, -1, ] [-0.659713, 0.526621, ] [-0.656904, -1, ] [-0.652276, -0.999999, ] [-0.649908, -0.999999, ] [-0.648073, -0.999999, ] [-0.647236, -1, ] [-0.64682, -1, ] [-0.646716, -0.999999, ] [-0.646665, -1, ] [-0.646614, -0.999999, ] [-0.646407, -1, ] [-0.63555, -0.999999, ] [-0.631206, -1, ] [-0.628179, -0.999999, ] [-0.616757, -0.559798, ] [-0.603073, 1.00001, ] [-0.591135, -1, ] [-0.582549, -1, ] [-0.565937, -0.999999, ] [-0.564115, -1, ] [-0.560424, 0.304975, ] [-0.500803, -1, ] [-0.370773, -0.661757, ] [-0.294627, -0.449607, ] [-0.260485, -1, ] [-0.159643, 0.791485, ] [-0.159203, 0.791873, ] [-0.149658, 0.800459, ] [-0.149349, 0.800439, ] [-0.133974, -1, ] [-0.0489716, 0.906223, ] [-0.0419601, 1, ] [-0.0268045, -0.321035, ] [0, 0, ] [0.0026506, -0.324756, ] [0.0156234, 1, ] [0.0158768, 1, ] [0.0159486, 1, ] [0.015969, 1, ] [0.0159704, 1, ] [0.0191441, 1, ] [0.0623995, -0.317988, ] [0.0642945, -1, ] [0.0791983, -0.337162, ] [0.0806819, -0.339081, ] [0.0845537, -0.34763, ] [0.087665, -0.352857, ] [0.110042, -1, ] [0.11625, -0.302023, ] [0.137323, -1, ] [0.140972, -0.375665, ] [0.148617, -0.57242, ] [0.148683, -0.573734, ] [0.154591, -1, ] [0.175138, -0.422612, ] [0.175146, -0.422596, ] [0.175157, -0.423114, ] [0.175297, -0.422092, ] [0.178419, -0.999999, ] [0.184965, -0.999999, ] [0.188004, -0.999999, ] [0.188014, -0.413932, ] [0.189521, -0.999999, ] [0.189901, -0.999999, ] [0.190091, -0.999999, ] [0.190279, -0.999999, ] [0.191037, -0.999999, ] [0.191441, -0.999999, ] [0.218762, 0.545681, ] [0.22016, -0.440749, ] [0.232453, -0.999999, ] [0.233901, -0.58465, ] [0.263714, -1, ] [0.302518, 1.00001, ] [0.302549, 1, ] [0.302549, 1.00001, ] [0.302549, 1, ] [0.302612, 1, ] [0.302738, 1, ] [0.302989, 1, ] [0.303493, 1, ] [0.304506, 1, ] [0.306556, 1, ] [0.31075, 1, ] [0.319537, 1.00001, ] [0.325583, -1, ] [0.338902, 1.00001, ] [0.386868, 1.00001, ] [0.399173, -0.999999, ] [0.444834, -1, ] [0.456872, 0.0713226, ] [0.502265, -0.999999, ] [0.551787, 1, ] [0.55841, -1, ] [0.591159, 0.704912, ] [0.758614, 0.416454, ] [0.786939, -1, ] [0.835651, -0.707762, ] [0.902813, -0.870571, ] [0.977784, 0.530039, ] [0.984833, 0.472662, ] [1, 0.492926, ] [1, 0.473098, ] [1, 0.487428, ] [1, -0.975529, ] [1, 0.52553, ] [1, -0.171859, ] [1, 0.551767, ] [1, 0.528866, ] [1, 0.452261, ] [1, 0.490739, ] [1, 0.606417, ] [1, 0.494305, ] [1, 0.494444, ] [1, 0.495603, ] [1, -0.417471, ] [1, -0.420364, ] [1, -0.710534, ] [1, -0.0769021, ] [1, -0.426172, ] [1, 0.588979, ] [1, -0.437905, ] [1, 0.423825, ] [1, -0.287226, ] [1, -0.483527, ] [1, -0.125669, ] [1, -0.0686621, ] [1, -1, ] [1, 0.0909203, ] [1, 0.268276, ] [1, 0.639188, ] [1, 1, ] [1.00001, 0.624876, ] [1.00001, 0.494585, ] [1.00001, 0.49403, ] [1.00001, -0.416028, ] [1.00001, -0.390131, ] [1.00001, -0.569154, ] [1.00001, 0.630471, ] [1.00001, -0.036395, ] [1.00001, -0.41675, ] [1.00001, -0.416389, ] [1.00001, -0.414302, ] [1.00001, -0.340035, ] [1.00001, -0.527219, ] [1.00001, -0.597495, ] Polynom = [1.99993,0.5176874292851731952,-0.0571470771687899795,0.2445331119903542128,-0.07695424846487081138,0.03726280325691729012,-0.01823580073429065251,0.01199171161100943094,-0.02470781648891628989] 
Error step 1 : 0.01140059938885
Error step 2 : 0.01140059984966
Distance between errors :4.608091130898e-10
