Welcome to the summary of Remez 1 multi for multivariate polynomial approximation. 
With the following parameters : 
degree of approximation = 2
maximum number of turns = 15
approximation of error = 1.00001e-09
approximation of points = 1.00001e-15
x in = [[-1,1][-1,1]]
For the function x1^4 + (x2^3)*(x1^3).

Generated D0 is : [-1, -1, ] [-1, 1, ] [0, 0, ] [1, -1, ] [1, 1, ] Polynom = [0,0,1,0,1,0] 
Error step 1 : 0
Error step 2 : 1.317944713097
Distance between errors :1.317944713097

Generated D0 is : [-1, -1, ] [-1, -0.999999, ] [-1, 0.333334, ] [-1, 1, ] [-0.45541, -1, ] [0, 0, ] [0.455411, 1, ] [1, -1, ] [1, -0.333333, ] [1, 1, ] [1, 1, ] Polynom = [-0.069024,0,-0.4886374762248847369,4.996003610813204432e-16,1,1.488637476224884849] 
Error step 1 : 0.06902406350736
Error step 2 : 0.7203522216696
Distance between errors :0.6513281581622

Generated D0 is : [-1, -1, ] [-1, -0.999999, ] [-1, -0.437006, ] [-1, 0.333334, ] [-1, 0.762765, ] [-1, 1, ] [-0.95929, 0.814007, ] [-0.89849, -0.456128, ] [-0.732382, -1, ] [-0.45541, -1, ] [-0.285107, 1, ] [-1.24883e-16, -1.27787e-16, ] [0, 0, ] [0.285108, -1, ] [0.455411, 1, ] [0.732383, 1, ] [0.898491, 0.456129, ] [0.959291, -0.814006, ] [1, -1, ] [1, -0.762764, ] [1, -0.333333, ] [1, 0.437007, ] [1, 1, ] [1, 1, ] Polynom = [-0.265831,2.220446049250313081e-16,0.06854675757118244839,2.220446049250313081e-16,0.713252533984191306,1.197284465782954444] 
Error step 1 : 0.2867474660159
Error step 2 : 0.3546496940714
Distance between errors :0.06790222805556

Generated D0 is : [-1, -1, ] [-1, -0.999999, ] [-1, -0.51098, ] [-1, -0.437006, ] [-1, 0.333334, ] [-1, 0.465284, ] [-1, 0.762765, ] [-1, 1, ] [-0.95929, 0.814007, ] [-0.89849, -0.456128, ] [-0.760191, 0.591508, ] [-0.7543, -0.70185, ] [-0.732382, -1, ] [-0.634989, -1, ] [-0.45541, -1, ] [-0.285107, 1, ] [-0.246695, 1, ] [-0.244962, 0.971112, ] [-7.08969e-16, 2.06888e-15, ] [-1.24883e-16, -1.27787e-16, ] [0, 0, ] [0.244963, -0.971111, ] [0.246696, -1, ] [0.285108, -1, ] [0.455411, 1, ] [0.63499, 1, ] [0.732383, 1, ] [0.754301, 0.701851, ] [0.760192, -0.591507, ] [0.898491, 0.456129, ] [0.959291, -0.814006, ] [1, -1, ] [1, -0.762764, ] [1, -0.465283, ] [1, -0.333333, ] [1, 0.437007, ] [1, 0.510981, ] [1, 1, ] [1, 1, ] Polynom = [-0.314656,-9.010674174085464067e-17,0.1231720167728879434,0,0.6853431069008751875,1.191484876326239784] 
Error step 1 : 0.3146568930992
Error step 2 : 0.3170077869723
Distance between errors :0.002350893873087

Generated D0 is : [-1, -1, ] [-1, -0.999999, ] [-1, -0.520779, ] [-1, -0.51098, ] [-1, -0.437006, ] [-1, 0.333334, ] [-1, 0.438665, ] [-1, 0.465284, ] [-1, 0.762765, ] [-1, 1, ] [-0.95929, 0.814007, ] [-0.89849, -0.456128, ] [-0.760191, 0.591508, ] [-0.7543, -0.70185, ] [-0.750326, 0.547184, ] [-0.732382, -1, ] [-0.724607, -0.776299, ] [-0.634989, -1, ] [-0.629305, -1, ] [-0.45541, -1, ] [-0.285107, 1, ] [-0.246695, 1, ] [-0.244962, 0.971112, ] [-0.238699, 1, ] [-7.08969e-16, 2.06888e-15, ] [-5.26304e-16, 1.82999e-15, ] [-1.24883e-16, -1.27787e-16, ] [0, 0, ] [0.2387, -1, ] [0.244963, -0.971111, ] [0.246696, -1, ] [0.285108, -1, ] [0.455411, 1, ] [0.629306, 1, ] [0.63499, 1, ] [0.724608, 0.7763, ] [0.732383, 1, ] [0.750327, -0.547183, ] [0.754301, 0.701851, ] [0.760192, -0.591507, ] [0.898491, 0.456129, ] [0.959291, -0.814006, ] [1, -1, ] [1, -0.762764, ] [1, -0.465283, ] [1, -0.438664, ] [1, -0.333333, ] [1, 0.437007, ] [1, 0.510981, ] [1, 0.52078, ] [1, 1, ] [1, 1, ] Polynom = [-0.315232,1.453753782550544405e-15,0.1024425306332157338,-1.595945597898662526e-15,0.6962574067182543125,1.201300062648529732] 
Error step 1 : 0.3152326014391
Error step 2 : 0.3158993471595
Distance between errors :0.0006667457203701

Generated D0 is : [-1, -1, ] [-1, -0.999999, ] [-1, -0.520779, ] [-1, -0.517109, ] [-1, -0.51098, ] [-1, -0.437006, ] [-1, 0.333334, ] [-1, 0.438665, ] [-1, 0.448815, ] [-1, 0.465284, ] [-1, 0.762765, ] [-1, 1, ] [-0.95929, 0.814007, ] [-0.89849, -0.456128, ] [-0.760191, 0.591508, ] [-0.756505, 0.562808, ] [-0.7543, -0.70185, ] [-0.750326, 0.547184, ] [-0.741477, -0.738862, ] [-0.732382, -1, ] [-0.724607, -0.776299, ] [-0.634989, -1, ] [-0.633079, -1, ] [-0.629305, -1, ] [-0.45541, -1, ] [-0.285107, 1, ] [-0.246695, 1, ] [-0.244962, 0.971112, ] [-0.240675, 1, ] [-0.238699, 1, ] [-7.08969e-16, 2.06888e-15, ] [-5.26304e-16, 1.82999e-15, ] [-1.24883e-16, -1.27787e-16, ] [0, 0, ] [1.78974e-13, -6.15299e-13, ] [0.2387, -1, ] [0.240676, -1, ] [0.244963, -0.971111, ] [0.246696, -1, ] [0.285108, -1, ] [0.455411, 1, ] [0.629306, 1, ] [0.63308, 1, ] [0.63499, 1, ] [0.724608, 0.7763, ] [0.732383, 1, ] [0.741478, 0.738863, ] [0.750327, -0.547183, ] [0.754301, 0.701851, ] [0.756506, -0.562807, ] [0.760192, -0.591507, ] [0.898491, 0.456129, ] [0.959291, -0.814006, ] [1, -1, ] [1, -0.762764, ] [1, -0.465283, ] [1, -0.448814, ] [1, -0.438664, ] [1, -0.333333, ] [1, 0.437007, ] [1, 0.510981, ] [1, 0.51711, ] [1, 0.52078, ] [1, 1, ] [1, 1, ] Polynom = [-0.31555,-3.927477009268712745e-16,0.1136781919097522021,2.914335439641035919e-16,0.6899504354479001345,1.196371372642347498] 
Error step 1 : 0.3155503400454
Error step 2 : 0.3157072454679
Distance between errors :0.0001569054225697

Generated D0 is : [-1, -1, ] [-1, -0.999999, ] [-1, -0.520779, ] [-1, -0.518953, ] [-1, -0.517109, ] [-1, -0.51098, ] [-1, -0.437006, ] [-1, 0.333334, ] [-1, 0.438665, ] [-1, 0.443168, ] [-1, 0.448815, ] [-1, 0.465284, ] [-1, 0.762765, ] [-1, 1, ] [-0.95929, 0.814007, ] [-0.89849, -0.456128, ] [-0.760191, 0.591508, ] [-0.756505, 0.562808, ] [-0.7543, -0.70185, ] [-0.753277, 0.55413, ] [-0.750326, 0.547184, ] [-0.741477, -0.738862, ] [-0.733178, -0.757265, ] [-0.732382, -1, ] [-0.724607, -0.776299, ] [-0.634989, -1, ] [-0.633079, -1, ] [-0.631053, -1, ] [-0.629305, -1, ] [-0.45541, -1, ] [-0.285107, 1, ] [-0.246695, 1, ] [-0.244962, 0.971112, ] [-0.240675, 1, ] [-0.239423, 1, ] [-0.238699, 1, ] [-4.96126e-15, 1.67833e-14, ] [-7.08969e-16, 2.06888e-15, ] [-5.26304e-16, 1.82999e-15, ] [-1.24883e-16, -1.27787e-16, ] [0, 0, ] [1.78974e-13, -6.15299e-13, ] [0.2387, -1, ] [0.239424, -1, ] [0.240676, -1, ] [0.244963, -0.971111, ] [0.246696, -1, ] [0.285108, -1, ] [0.455411, 1, ] [0.629306, 1, ] [0.631054, 1, ] [0.63308, 1, ] [0.63499, 1, ] [0.724608, 0.7763, ] [0.732383, 1, ] [0.733179, 0.757266, ] [0.741478, 0.738863, ] [0.750327, -0.547183, ] [0.753278, -0.554129, ] [0.754301, 0.701851, ] [0.756506, -0.562807, ] [0.760192, -0.591507, ] [0.898491, 0.456129, ] [0.959291, -0.814006, ] [1, -1, ] [1, -0.762764, ] [1, -0.465283, ] [1, -0.448814, ] [1, -0.443167, ] [1, -0.438664, ] [1, -0.333333, ] [1, 0.437007, ] [1, 0.510981, ] [1, 0.51711, ] [1, 0.518954, ] [1, 0.52078, ] [1, 1, ] [1, 1, ] Polynom = [-0.315557,3.297605292332245588e-15,0.1082547610615767764,-3.20576898360513951e-15,0.6929501616131834574,1.19879507732524071] 
Error step 1 : 0.3155579299463
Error step 2 : 0.3155983154578
Distance between errors :4.038551156649e-05

Generated D0 is : [-1, -1, ] [-1, -0.999999, ] [-1, -0.520779, ] [-1, -0.518953, ] [-1, -0.518044, ] [-1, -0.517109, ] [-1, -0.51098, ] [-1, -0.437006, ] [-1, 0.333334, ] [-1, 0.438665, ] [-1, 0.443168, ] [-1, 0.445876, ] [-1, 0.448815, ] [-1, 0.465284, ] [-1, 0.762765, ] [-1, 1, ] [-0.95929, 0.814007, ] [-0.89849, -0.456128, ] [-0.760191, 0.591508, ] [-0.756505, 0.562808, ] [-0.754842, 0.558304, ] [-0.7543, -0.70185, ] [-0.753277, 0.55413, ] [-0.750326, 0.547184, ] [-0.741477, -0.738862, ] [-0.737358, -0.747991, ] [-0.733178, -0.757265, ] [-0.732382, -1, ] [-0.724607, -0.776299, ] [-0.634989, -1, ] [-0.633079, -1, ] [-0.632034, -1, ] [-0.631053, -1, ] [-0.629305, -1, ] [-0.45541, -1, ] [-0.285107, 1, ] [-0.246695, 1, ] [-0.244962, 0.971112, ] [-0.240675, 1, ] [-0.240007, 1, ] [-0.239423, 1, ] [-0.238699, 1, ] [-4.96126e-15, 1.67833e-14, ] [-7.08969e-16, 2.06888e-15, ] [-5.26304e-16, 1.82999e-15, ] [-1.24883e-16, -1.27787e-16, ] [0, 0, ] [7.65434e-14, -2.60211e-13, ] [1.78974e-13, -6.15299e-13, ] [0.2387, -1, ] [0.239424, -1, ] [0.240008, -1, ] [0.240676, -1, ] [0.244963, -0.971111, ] [0.246696, -1, ] [0.285108, -1, ] [0.455411, 1, ] [0.629306, 1, ] [0.631054, 1, ] [0.632035, 1, ] [0.63308, 1, ] [0.63499, 1, ] [0.724608, 0.7763, ] [0.732383, 1, ] [0.733179, 0.757266, ] [0.737359, 0.747992, ] [0.741478, 0.738863, ] [0.750327, -0.547183, ] [0.753278, -0.554129, ] [0.754301, 0.701851, ] [0.754843, -0.558303, ] [0.756506, -0.562807, ] [0.760192, -0.591507, ] [0.898491, 0.456129, ] [0.959291, -0.814006, ] [1, -1, ] [1, -0.762764, ] [1, -0.465283, ] [1, -0.448814, ] [1, -0.445875, ] [1, -0.443167, ] [1, -0.438664, ] [1, -0.333333, ] [1, 0.437007, ] [1, 0.510981, ] [1, 0.51711, ] [1, 0.518045, ] [1, 0.518954, ] [1, 0.52078, ] [1, 1, ] [1, 1, ] Polynom = [-0.315561,-7.972371781740113845e-15,0.1054247909335888634,7.910339050454240351e-15,0.6945110029273258157,1.200064206139085821] 
Error step 1 : 0.3155618946843
Error step 2 : 0.3155721361163
Distance between errors :1.024143198348e-05

Generated D0 is : [-1, -1, ] [-1, -0.999999, ] [-1, -0.520779, ] [-1, -0.518953, ] [-1, -0.518044, ] [-1, -0.517571, ] [-1, -0.517109, ] [-1, -0.51098, ] [-1, -0.437006, ] [-1, 0.333334, ] [-1, 0.438665, ] [-1, 0.443168, ] [-1, 0.445876, ] [-1, 0.447289, ] [-1, 0.448815, ] [-1, 0.465284, ] [-1, 0.762765, ] [-1, 1, ] [-0.95929, 0.814007, ] [-0.89849, -0.456128, ] [-0.760191, 0.591508, ] [-0.756505, 0.562808, ] [-0.755668, 0.560468, ] [-0.754842, 0.558304, ] [-0.7543, -0.70185, ] [-0.753277, 0.55413, ] [-0.750326, 0.547184, ] [-0.741477, -0.738862, ] [-0.739425, -0.743409, ] [-0.737358, -0.747991, ] [-0.733178, -0.757265, ] [-0.732382, -1, ] [-0.724607, -0.776299, ] [-0.634989, -1, ] [-0.633079, -1, ] [-0.632545, -1, ] [-0.632034, -1, ] [-0.631053, -1, ] [-0.629305, -1, ] [-0.45541, -1, ] [-0.285107, 1, ] [-0.246695, 1, ] [-0.244962, 0.971112, ] [-0.240675, 1, ] [-0.24031, 1, ] [-0.240007, 1, ] [-0.239423, 1, ] [-0.238699, 1, ] [-3.03736e-13, 1.03828e-12, ] [-4.96126e-15, 1.67833e-14, ] [-7.08969e-16, 2.06888e-15, ] [-5.26304e-16, 1.82999e-15, ] [-1.24883e-16, -1.27787e-16, ] [0, 0, ] [7.65434e-14, -2.60211e-13, ] [1.78974e-13, -6.15299e-13, ] [0.2387, -1, ] [0.239424, -1, ] [0.240008, -1, ] [0.240311, -1, ] [0.240676, -1, ] [0.244963, -0.971111, ] [0.246696, -1, ] [0.285108, -1, ] [0.455411, 1, ] [0.629306, 1, ] [0.631054, 1, ] [0.632035, 1, ] [0.632546, 1, ] [0.63308, 1, ] [0.63499, 1, ] [0.724608, 0.7763, ] [0.732383, 1, ] [0.733179, 0.757266, ] [0.737359, 0.747992, ] [0.739426, 0.74341, ] [0.741478, 0.738863, ] [0.750327, -0.547183, ] [0.753278, -0.554129, ] [0.754301, 0.701851, ] [0.754843, -0.558303, ] [0.755669, -0.560467, ] [0.756506, -0.562807, ] [0.760192, -0.591507, ] [0.898491, 0.456129, ] [0.959291, -0.814006, ] [1, -1, ] [1, -0.762764, ] [1, -0.465283, ] [1, -0.448814, ] [1, -0.447288, ] [1, -0.445875, ] [1, -0.443167, ] [1, -0.438664, ] [1, -0.333333, ] [1, 0.437007, ] [1, 0.510981, ] [1, 0.51711, ] [1, 0.517572, ] [1, 0.518045, ] [1, 0.518954, ] [1, 0.52078, ] [1, 1, ] [1, 1, ] Polynom = [-0.315563,-8.517288778808110278e-15,0.1039793835494100538,8.409939411535560794e-15,0.6953079014793579483,1.200712714971232221] 
Error step 1 : 0.3155639199666
Error step 2 : 0.3155664984762
Distance between errors :2.578509582186e-06

Generated D0 is : [-1, -1, ] [-1, -0.999999, ] [-1, -0.520779, ] [-1, -0.518953, ] [-1, -0.518044, ] [-1, -0.517571, ] [-1, -0.51733, ] [-1, -0.517109, ] [-1, -0.51098, ] [-1, -0.437006, ] [-1, 0.333334, ] [-1, 0.438665, ] [-1, 0.443168, ] [-1, 0.445876, ] [-1, 0.447289, ] [-1, 0.448011, ] [-1, 0.448815, ] [-1, 0.465284, ] [-1, 0.762765, ] [-1, 1, ] [-0.95929, 0.814007, ] [-0.89849, -0.456128, ] [-0.760191, 0.591508, ] [-0.756505, 0.562808, ] [-0.756093, 0.56157, ] [-0.755668, 0.560468, ] [-0.754842, 0.558304, ] [-0.7543, -0.70185, ] [-0.753277, 0.55413, ] [-0.750326, 0.547184, ] [-0.741477, -0.738862, ] [-0.740453, -0.741131, ] [-0.739425, -0.743409, ] [-0.737358, -0.747991, ] [-0.733178, -0.757265, ] [-0.732382, -1, ] [-0.724607, -0.776299, ] [-0.634989, -1, ] [-0.633079, -1, ] [-0.632806, -1, ] [-0.632545, -1, ] [-0.632034, -1, ] [-0.631053, -1, ] [-0.629305, -1, ] [-0.45541, -1, ] [-0.285107, 1, ] [-0.246695, 1, ] [-0.244962, 0.971112, ] [-0.240675, 1, ] [-0.240464, 1, ] [-0.24031, 1, ] [-0.240007, 1, ] [-0.239423, 1, ] [-0.238699, 1, ] [-4.81113e-13, 1.64956e-12, ] [-3.03736e-13, 1.03828e-12, ] [-4.96126e-15, 1.67833e-14, ] [-7.08969e-16, 2.06888e-15, ] [-5.26304e-16, 1.82999e-15, ] [-1.24883e-16, -1.27787e-16, ] [0, 0, ] [7.65434e-14, -2.60211e-13, ] [1.78974e-13, -6.15299e-13, ] [0.2387, -1, ] [0.239424, -1, ] [0.240008, -1, ] [0.240311, -1, ] [0.240465, -1, ] [0.240676, -1, ] [0.244963, -0.971111, ] [0.246696, -1, ] [0.285108, -1, ] [0.455411, 1, ] [0.629306, 1, ] [0.631054, 1, ] [0.632035, 1, ] [0.632546, 1, ] [0.632807, 1, ] [0.63308, 1, ] [0.63499, 1, ] [0.724608, 0.7763, ] [0.732383, 1, ] [0.733179, 0.757266, ] [0.737359, 0.747992, ] [0.739426, 0.74341, ] [0.740454, 0.741132, ] [0.741478, 0.738863, ] [0.750327, -0.547183, ] [0.753278, -0.554129, ] [0.754301, 0.701851, ] [0.754843, -0.558303, ] [0.755669, -0.560467, ] [0.756094, -0.561569, ] [0.756506, -0.562807, ] [0.760192, -0.591507, ] [0.898491, 0.456129, ] [0.959291, -0.814006, ] [1, -1, ] [1, -0.762764, ] [1, -0.465283, ] [1, -0.448814, ] [1, -0.44801, ] [1, -0.447288, ] [1, -0.445875, ] [1, -0.443167, ] [1, -0.438664, ] [1, -0.333333, ] [1, 0.437007, ] [1, 0.510981, ] [1, 0.51711, ] [1, 0.517331, ] [1, 0.517572, ] [1, 0.518045, ] [1, 0.518954, ] [1, 0.52078, ] [1, 1, ] [1, 1, ] Polynom = [-0.315564,-4.615233376959969725e-16,0.1032490048671911298,5.551115123125782703e-16,0.6957105415467023102,1.201040453586106338] 
Error step 1 : 0.3155649434012
Error step 2 : 0.3155655903002
Distance between errors :6.468990427778e-07

Generated D0 is : [-1, -1, ] [-1, -0.999999, ] [-1, -0.520779, ] [-1, -0.518953, ] [-1, -0.518044, ] [-1, -0.517571, ] [-1, -0.51733, ] [-1, -0.517208, ] [-1, -0.517109, ] [-1, -0.51098, ] [-1, -0.437006, ] [-1, 0.333334, ] [-1, 0.438665, ] [-1, 0.443168, ] [-1, 0.445876, ] [-1, 0.447289, ] [-1, 0.448011, ] [-1, 0.448376, ] [-1, 0.448815, ] [-1, 0.465284, ] [-1, 0.762765, ] [-1, 1, ] [-0.95929, 0.814007, ] [-0.89849, -0.456128, ] [-0.760191, 0.591508, ] [-0.756505, 0.562808, ] [-0.756308, 0.562125, ] [-0.756093, 0.56157, ] [-0.755668, 0.560468, ] [-0.754842, 0.558304, ] [-0.7543, -0.70185, ] [-0.753277, 0.55413, ] [-0.750326, 0.547184, ] [-0.741477, -0.738862, ] [-0.740966, -0.739996, ] [-0.740453, -0.741131, ] [-0.739425, -0.743409, ] [-0.737358, -0.747991, ] [-0.733178, -0.757265, ] [-0.732382, -1, ] [-0.724607, -0.776299, ] [-0.634989, -1, ] [-0.633079, -1, ] [-0.632938, -1, ] [-0.632806, -1, ] [-0.632545, -1, ] [-0.632034, -1, ] [-0.631053, -1, ] [-0.629305, -1, ] [-0.45541, -1, ] [-0.285107, 1, ] [-0.246695, 1, ] [-0.244962, 0.971112, ] [-0.240675, 1, ] [-0.240541, 1, ] [-0.240464, 1, ] [-0.24031, 1, ] [-0.240007, 1, ] [-0.239423, 1, ] [-0.238699, 1, ] [-4.81113e-13, 1.64956e-12, ] [-3.03736e-13, 1.03828e-12, ] [-3.6274e-14, 1.24446e-13, ] [-4.96126e-15, 1.67833e-14, ] [-7.08969e-16, 2.06888e-15, ] [-5.26304e-16, 1.82999e-15, ] [-1.24883e-16, -1.27787e-16, ] [0, 0, ] [7.65434e-14, -2.60211e-13, ] [1.78974e-13, -6.15299e-13, ] [0.2387, -1, ] [0.239424, -1, ] [0.240008, -1, ] [0.240311, -1, ] [0.240465, -1, ] [0.240542, -1, ] [0.240676, -1, ] [0.244963, -0.971111, ] [0.246696, -1, ] [0.285108, -1, ] [0.455411, 1, ] [0.629306, 1, ] [0.631054, 1, ] [0.632035, 1, ] [0.632546, 1, ] [0.632807, 1, ] [0.632939, 1, ] [0.63308, 1, ] [0.63499, 1, ] [0.724608, 0.7763, ] [0.732383, 1, ] [0.733179, 0.757266, ] [0.737359, 0.747992, ] [0.739426, 0.74341, ] [0.740454, 0.741132, ] [0.740967, 0.739997, ] [0.741478, 0.738863, ] [0.750327, -0.547183, ] [0.753278, -0.554129, ] [0.754301, 0.701851, ] [0.754843, -0.558303, ] [0.755669, -0.560467, ] [0.756094, -0.561569, ] [0.756309, -0.562124, ] [0.756506, -0.562807, ] [0.760192, -0.591507, ] [0.898491, 0.456129, ] [0.959291, -0.814006, ] [1, -1, ] [1, -0.762764, ] [1, -0.465283, ] [1, -0.448814, ] [1, -0.448375, ] [1, -0.44801, ] [1, -0.447288, ] [1, -0.445875, ] [1, -0.443167, ] [1, -0.438664, ] [1, -0.333333, ] [1, 0.437007, ] [1, 0.510981, ] [1, 0.51711, ] [1, 0.517209, ] [1, 0.517331, ] [1, 0.517572, ] [1, 0.518045, ] [1, 0.518954, ] [1, 0.52078, ] [1, 1, ] [1, 1, ] Polynom = [-0.315565,4.068002580312550009e-15,0.1036150179021699814,-4.080069615497450286e-15,0.6955085061902197552,1.200876475907610708] 
Error step 1 : 0.3155650765458
Error step 2 : 0.3155652379827
Distance between errors :1.61436856383e-07

Generated D0 is : [-1, -1, ] [-1, -0.999999, ] [-1, -0.520779, ] [-1, -0.518953, ] [-1, -0.518044, ] [-1, -0.517571, ] [-1, -0.51733, ] [-1, -0.517269, ] [-1, -0.517208, ] [-1, -0.517109, ] [-1, -0.51098, ] [-1, -0.437006, ] [-1, 0.333334, ] [-1, 0.438665, ] [-1, 0.443168, ] [-1, 0.445876, ] [-1, 0.447289, ] [-1, 0.448011, ] [-1, 0.448193, ] [-1, 0.448376, ] [-1, 0.448815, ] [-1, 0.465284, ] [-1, 0.762765, ] [-1, 1, ] [-0.95929, 0.814007, ] [-0.89849, -0.456128, ] [-0.760191, 0.591508, ] [-0.756505, 0.562808, ] [-0.756308, 0.562125, ] [-0.7562, 0.561847, ] [-0.756093, 0.56157, ] [-0.755668, 0.560468, ] [-0.754842, 0.558304, ] [-0.7543, -0.70185, ] [-0.753277, 0.55413, ] [-0.750326, 0.547184, ] [-0.741477, -0.738862, ] [-0.740966, -0.739996, ] [-0.740709, -0.740563, ] [-0.740453, -0.741131, ] [-0.739425, -0.743409, ] [-0.737358, -0.747991, ] [-0.733178, -0.757265, ] [-0.732382, -1, ] [-0.724607, -0.776299, ] [-0.634989, -1, ] [-0.633079, -1, ] [-0.632938, -1, ] [-0.632872, -1, ] [-0.632806, -1, ] [-0.632545, -1, ] [-0.632034, -1, ] [-0.631053, -1, ] [-0.629305, -1, ] [-0.45541, -1, ] [-0.285107, 1, ] [-0.246695, 1, ] [-0.244962, 0.971112, ] [-0.240675, 1, ] [-0.240541, 1, ] [-0.240502, 1, ] [-0.240464, 1, ] [-0.24031, 1, ] [-0.240007, 1, ] [-0.239423, 1, ] [-0.238699, 1, ] [-4.81113e-13, 1.64956e-12, ] [-3.03736e-13, 1.03828e-12, ] [-3.6274e-14, 1.24446e-13, ] [-4.96126e-15, 1.67833e-14, ] [-7.08969e-16, 2.06888e-15, ] [-5.26304e-16, 1.82999e-15, ] [-1.24883e-16, -1.27787e-16, ] [0, 0, ] [7.65434e-14, -2.60211e-13, ] [1.78974e-13, -6.15299e-13, ] [2.62803e-13, -9.01653e-13, ] [0.2387, -1, ] [0.239424, -1, ] [0.240008, -1, ] [0.240311, -1, ] [0.240465, -1, ] [0.240503, -1, ] [0.240542, -1, ] [0.240676, -1, ] [0.244963, -0.971111, ] [0.246696, -1, ] [0.285108, -1, ] [0.455411, 1, ] [0.629306, 1, ] [0.631054, 1, ] [0.632035, 1, ] [0.632546, 1, ] [0.632807, 1, ] [0.632873, 1, ] [0.632939, 1, ] [0.63308, 1, ] [0.63499, 1, ] [0.724608, 0.7763, ] [0.732383, 1, ] [0.733179, 0.757266, ] [0.737359, 0.747992, ] [0.739426, 0.74341, ] [0.740454, 0.741132, ] [0.74071, 0.740564, ] [0.740967, 0.739997, ] [0.741478, 0.738863, ] [0.750327, -0.547183, ] [0.753278, -0.554129, ] [0.754301, 0.701851, ] [0.754843, -0.558303, ] [0.755669, -0.560467, ] [0.756094, -0.561569, ] [0.756201, -0.561846, ] [0.756309, -0.562124, ] [0.756506, -0.562807, ] [0.760192, -0.591507, ] [0.898491, 0.456129, ] [0.959291, -0.814006, ] [1, -1, ] [1, -0.762764, ] [1, -0.465283, ] [1, -0.448814, ] [1, -0.448375, ] [1, -0.448192, ] [1, -0.44801, ] [1, -0.447288, ] [1, -0.445875, ] [1, -0.443167, ] [1, -0.438664, ] [1, -0.333333, ] [1, 0.437007, ] [1, 0.510981, ] [1, 0.51711, ] [1, 0.517209, ] [1, 0.51727, ] [1, 0.517331, ] [1, 0.517572, ] [1, 0.518045, ] [1, 0.518954, ] [1, 0.52078, ] [1, 1, ] [1, 1, ] Polynom = [-0.315565,-1.506403871186131151e-13,0.1037975413745749754,1.506572644416337426e-13,0.6954077551479552755,1.200794703477469972] 
Error step 1 : 0.3155651429425
Error step 2 : 0.3155651832664
Distance between errors :4.032393596809e-08

Generated D0 is : [-1, -1, ] [-1, -0.999999, ] [-1, -0.520779, ] [-1, -0.518953, ] [-1, -0.518044, ] [-1, -0.517571, ] [-1, -0.51733, ] [-1, -0.517299, ] [-1, -0.517269, ] [-1, -0.517208, ] [-1, -0.517109, ] [-1, -0.51098, ] [-1, -0.437006, ] [-1, 0.333334, ] [-1, 0.438665, ] [-1, 0.443168, ] [-1, 0.445876, ] [-1, 0.447289, ] [-1, 0.448011, ] [-1, 0.448102, ] [-1, 0.448193, ] [-1, 0.448376, ] [-1, 0.448815, ] [-1, 0.465284, ] [-1, 0.762765, ] [-1, 1, ] [-0.95929, 0.814007, ] [-0.89849, -0.456128, ] [-0.760191, 0.591508, ] [-0.756505, 0.562808, ] [-0.756308, 0.562125, ] [-0.7562, 0.561847, ] [-0.756146, 0.561708, ] [-0.756093, 0.56157, ] [-0.755668, 0.560468, ] [-0.754842, 0.558304, ] [-0.7543, -0.70185, ] [-0.753277, 0.55413, ] [-0.750326, 0.547184, ] [-0.741477, -0.738862, ] [-0.740966, -0.739996, ] [-0.740709, -0.740563, ] [-0.740581, -0.740847, ] [-0.740453, -0.741131, ] [-0.739425, -0.743409, ] [-0.737358, -0.747991, ] [-0.733178, -0.757265, ] [-0.732382, -1, ] [-0.724607, -0.776299, ] [-0.634989, -1, ] [-0.633079, -1, ] [-0.632938, -1, ] [-0.632872, -1, ] [-0.632839, -1, ] [-0.632806, -1, ] [-0.632545, -1, ] [-0.632034, -1, ] [-0.631053, -1, ] [-0.629305, -1, ] [-0.45541, -1, ] [-0.285107, 1, ] [-0.246695, 1, ] [-0.244962, 0.971112, ] [-0.240675, 1, ] [-0.240541, 1, ] [-0.240502, 1, ] [-0.240483, 1, ] [-0.240464, 1, ] [-0.24031, 1, ] [-0.240007, 1, ] [-0.239423, 1, ] [-0.238699, 1, ] [-9.08929e-12, 3.11733e-11, ] [-4.81113e-13, 1.64956e-12, ] [-3.03736e-13, 1.03828e-12, ] [-3.6274e-14, 1.24446e-13, ] [-4.96126e-15, 1.67833e-14, ] [-7.08969e-16, 2.06888e-15, ] [-5.26304e-16, 1.82999e-15, ] [-1.24883e-16, -1.27787e-16, ] [0, 0, ] [7.65434e-14, -2.60211e-13, ] [1.78974e-13, -6.15299e-13, ] [2.62803e-13, -9.01653e-13, ] [0.2387, -1, ] [0.239424, -1, ] [0.240008, -1, ] [0.240311, -1, ] [0.240465, -1, ] [0.240484, -1, ] [0.240503, -1, ] [0.240542, -1, ] [0.240676, -1, ] [0.244963, -0.971111, ] [0.246696, -1, ] [0.285108, -1, ] [0.455411, 1, ] [0.629306, 1, ] [0.631054, 1, ] [0.632035, 1, ] [0.632546, 1, ] [0.632807, 1, ] [0.63284, 1, ] [0.632873, 1, ] [0.632939, 1, ] [0.63308, 1, ] [0.63499, 1, ] [0.724608, 0.7763, ] [0.732383, 1, ] [0.733179, 0.757266, ] [0.737359, 0.747992, ] [0.739426, 0.74341, ] [0.740454, 0.741132, ] [0.740582, 0.740848, ] [0.74071, 0.740564, ] [0.740967, 0.739997, ] [0.741478, 0.738863, ] [0.750327, -0.547183, ] [0.753278, -0.554129, ] [0.754301, 0.701851, ] [0.754843, -0.558303, ] [0.755669, -0.560467, ] [0.756094, -0.561569, ] [0.756147, -0.561707, ] [0.756201, -0.561846, ] [0.756309, -0.562124, ] [0.756506, -0.562807, ] [0.760192, -0.591507, ] [0.898491, 0.456129, ] [0.959291, -0.814006, ] [1, -1, ] [1, -0.762764, ] [1, -0.465283, ] [1, -0.448814, ] [1, -0.448375, ] [1, -0.448192, ] [1, -0.448101, ] [1, -0.44801, ] [1, -0.447288, ] [1, -0.445875, ] [1, -0.443167, ] [1, -0.438664, ] [1, -0.333333, ] [1, 0.437007, ] [1, 0.510981, ] [1, 0.51711, ] [1, 0.517209, ] [1, 0.51727, ] [1, 0.5173, ] [1, 0.517331, ] [1, 0.517572, ] [1, 0.518045, ] [1, 0.518954, ] [1, 0.52078, ] [1, 1, ] [1, 1, ] Polynom = [-0.315565,1.071865421795097921e-13,0.1037063312701393958,-1.073030553300213796e-13,0.6954580856580064863,1.200835583071854229] 
Error step 1 : 0.315565150101
Error step 2 : 0.3155651601859
Distance between errors :1.008494676658e-08

Generated D0 is : [-1, -1, ] [-1, -0.999999, ] [-1, -0.520779, ] [-1, -0.518953, ] [-1, -0.518044, ] [-1, -0.517571, ] [-1, -0.51733, ] [-1, -0.517299, ] [-1, -0.517284, ] [-1, -0.517269, ] [-1, -0.517208, ] [-1, -0.517109, ] [-1, -0.51098, ] [-1, -0.437006, ] [-1, 0.333334, ] [-1, 0.438665, ] [-1, 0.443168, ] [-1, 0.445876, ] [-1, 0.447289, ] [-1, 0.448011, ] [-1, 0.448102, ] [-1, 0.448147, ] [-1, 0.448193, ] [-1, 0.448376, ] [-1, 0.448815, ] [-1, 0.465284, ] [-1, 0.762765, ] [-1, 1, ] [-0.95929, 0.814007, ] [-0.89849, -0.456128, ] [-0.760191, 0.591508, ] [-0.756505, 0.562808, ] [-0.756308, 0.562125, ] [-0.7562, 0.561847, ] [-0.756173, 0.561777, ] [-0.756146, 0.561708, ] [-0.756093, 0.56157, ] [-0.755668, 0.560468, ] [-0.754842, 0.558304, ] [-0.7543, -0.70185, ] [-0.753277, 0.55413, ] [-0.750326, 0.547184, ] [-0.741477, -0.738862, ] [-0.740966, -0.739996, ] [-0.740709, -0.740563, ] [-0.740645, -0.740705, ] [-0.740581, -0.740847, ] [-0.740453, -0.741131, ] [-0.739425, -0.743409, ] [-0.737358, -0.747991, ] [-0.733178, -0.757265, ] [-0.732382, -1, ] [-0.724607, -0.776299, ] [-0.634989, -1, ] [-0.633079, -1, ] [-0.632938, -1, ] [-0.632872, -1, ] [-0.632855, -1, ] [-0.632839, -1, ] [-0.632806, -1, ] [-0.632545, -1, ] [-0.632034, -1, ] [-0.631053, -1, ] [-0.629305, -1, ] [-0.45541, -1, ] [-0.285107, 1, ] [-0.246695, 1, ] [-0.244962, 0.971112, ] [-0.240675, 1, ] [-0.240541, 1, ] [-0.240502, 1, ] [-0.240492, 1, ] [-0.240483, 1, ] [-0.240464, 1, ] [-0.24031, 1, ] [-0.240007, 1, ] [-0.239423, 1, ] [-0.238699, 1, ] [-9.08929e-12, 3.11733e-11, ] [-4.81113e-13, 1.64956e-12, ] [-3.03736e-13, 1.03828e-12, ] [-3.6274e-14, 1.24446e-13, ] [-4.96126e-15, 1.67833e-14, ] [-7.08969e-16, 2.06888e-15, ] [-5.26304e-16, 1.82999e-15, ] [-1.24883e-16, -1.27787e-16, ] [0, 0, ] [7.65434e-14, -2.60211e-13, ] [1.78974e-13, -6.15299e-13, ] [2.62803e-13, -9.01653e-13, ] [6.68735e-12, -2.29395e-11, ] [0.2387, -1, ] [0.239424, -1, ] [0.240008, -1, ] [0.240311, -1, ] [0.240465, -1, ] [0.240484, -1, ] [0.240493, -1, ] [0.240503, -1, ] [0.240542, -1, ] [0.240676, -1, ] [0.244963, -0.971111, ] [0.246696, -1, ] [0.285108, -1, ] [0.455411, 1, ] [0.629306, 1, ] [0.631054, 1, ] [0.632035, 1, ] [0.632546, 1, ] [0.632807, 1, ] [0.63284, 1, ] [0.632856, 1, ] [0.632873, 1, ] [0.632939, 1, ] [0.63308, 1, ] [0.63499, 1, ] [0.724608, 0.7763, ] [0.732383, 1, ] [0.733179, 0.757266, ] [0.737359, 0.747992, ] [0.739426, 0.74341, ] [0.740454, 0.741132, ] [0.740582, 0.740848, ] [0.740646, 0.740706, ] [0.74071, 0.740564, ] [0.740967, 0.739997, ] [0.741478, 0.738863, ] [0.750327, -0.547183, ] [0.753278, -0.554129, ] [0.754301, 0.701851, ] [0.754843, -0.558303, ] [0.755669, -0.560467, ] [0.756094, -0.561569, ] [0.756147, -0.561707, ] [0.756174, -0.561776, ] [0.756201, -0.561846, ] [0.756309, -0.562124, ] [0.756506, -0.562807, ] [0.760192, -0.591507, ] [0.898491, 0.456129, ] [0.959291, -0.814006, ] [1, -1, ] [1, -0.762764, ] [1, -0.465283, ] [1, -0.448814, ] [1, -0.448375, ] [1, -0.448192, ] [1, -0.448146, ] [1, -0.448101, ] [1, -0.44801, ] [1, -0.447288, ] [1, -0.445875, ] [1, -0.443167, ] [1, -0.438664, ] [1, -0.333333, ] [1, 0.437007, ] [1, 0.510981, ] [1, 0.51711, ] [1, 0.517209, ] [1, 0.51727, ] [1, 0.517285, ] [1, 0.5173, ] [1, 0.517331, ] [1, 0.517572, ] [1, 0.518045, ] [1, 0.518954, ] [1, 0.52078, ] [1, 1, ] [1, 1, ] Polynom = [-0.315565,7.529048294559699695e-13,0.1036606960815238399,-7.528283552105108356e-13,0.6954832675010684806,1.200856036417407458] 
Error step 1 : 0.3155651536826
Error step 2 : 0.3155651562039
Distance between errors :2.521332087558e-09

Generated D0 is : [-1, -1, ] [-1, -0.999999, ] [-1, -0.520779, ] [-1, -0.518953, ] [-1, -0.518044, ] [-1, -0.517571, ] [-1, -0.51733, ] [-1, -0.517299, ] [-1, -0.517284, ] [-1, -0.517276, ] [-1, -0.517269, ] [-1, -0.517208, ] [-1, -0.517109, ] [-1, -0.51098, ] [-1, -0.437006, ] [-1, 0.333334, ] [-1, 0.438665, ] [-1, 0.443168, ] [-1, 0.445876, ] [-1, 0.447289, ] [-1, 0.448011, ] [-1, 0.448102, ] [-1, 0.448147, ] [-1, 0.44817, ] [-1, 0.448193, ] [-1, 0.448376, ] [-1, 0.448815, ] [-1, 0.465284, ] [-1, 0.762765, ] [-1, 1, ] [-0.95929, 0.814007, ] [-0.89849, -0.456128, ] [-0.760191, 0.591508, ] [-0.756505, 0.562808, ] [-0.756308, 0.562125, ] [-0.7562, 0.561847, ] [-0.756186, 0.561812, ] [-0.756173, 0.561777, ] [-0.756146, 0.561708, ] [-0.756093, 0.56157, ] [-0.755668, 0.560468, ] [-0.754842, 0.558304, ] [-0.7543, -0.70185, ] [-0.753277, 0.55413, ] [-0.750326, 0.547184, ] [-0.741477, -0.738862, ] [-0.740966, -0.739996, ] [-0.740709, -0.740563, ] [-0.740677, -0.740634, ] [-0.740645, -0.740705, ] [-0.740581, -0.740847, ] [-0.740453, -0.741131, ] [-0.739425, -0.743409, ] [-0.737358, -0.747991, ] [-0.733178, -0.757265, ] [-0.732382, -1, ] [-0.724607, -0.776299, ] [-0.634989, -1, ] [-0.633079, -1, ] [-0.632938, -1, ] [-0.632872, -1, ] [-0.632863, -1, ] [-0.632855, -1, ] [-0.632839, -1, ] [-0.632806, -1, ] [-0.632545, -1, ] [-0.632034, -1, ] [-0.631053, -1, ] [-0.629305, -1, ] [-0.45541, -1, ] [-0.285107, 1, ] [-0.246695, 1, ] [-0.244962, 0.971112, ] [-0.240675, 1, ] [-0.240541, 1, ] [-0.240502, 1, ] [-0.240497, 1, ] [-0.240492, 1, ] [-0.240483, 1, ] [-0.240464, 1, ] [-0.24031, 1, ] [-0.240007, 1, ] [-0.239423, 1, ] [-0.238699, 1, ] [-9.08929e-12, 3.11733e-11, ] [-4.81113e-13, 1.64956e-12, ] [-3.03736e-13, 1.03828e-12, ] [-3.6274e-14, 1.24446e-13, ] [-4.96126e-15, 1.67833e-14, ] [-7.08969e-16, 2.06888e-15, ] [-5.26304e-16, 1.82999e-15, ] [-1.24883e-16, -1.27787e-16, ] [0, 0, ] [7.65434e-14, -2.60211e-13, ] [1.78974e-13, -6.15299e-13, ] [2.62803e-13, -9.01653e-13, ] [6.68735e-12, -2.29395e-11, ] [4.77683e-11, -1.63875e-10, ] [0.2387, -1, ] [0.239424, -1, ] [0.240008, -1, ] [0.240311, -1, ] [0.240465, -1, ] [0.240484, -1, ] [0.240493, -1, ] [0.240498, -1, ] [0.240503, -1, ] [0.240542, -1, ] [0.240676, -1, ] [0.244963, -0.971111, ] [0.246696, -1, ] [0.285108, -1, ] [0.455411, 1, ] [0.629306, 1, ] [0.631054, 1, ] [0.632035, 1, ] [0.632546, 1, ] [0.632807, 1, ] [0.63284, 1, ] [0.632856, 1, ] [0.632864, 1, ] [0.632873, 1, ] [0.632939, 1, ] [0.63308, 1, ] [0.63499, 1, ] [0.724608, 0.7763, ] [0.732383, 1, ] [0.733179, 0.757266, ] [0.737359, 0.747992, ] [0.739426, 0.74341, ] [0.740454, 0.741132, ] [0.740582, 0.740848, ] [0.740646, 0.740706, ] [0.740678, 0.740635, ] [0.74071, 0.740564, ] [0.740967, 0.739997, ] [0.741478, 0.738863, ] [0.750327, -0.547183, ] [0.753278, -0.554129, ] [0.754301, 0.701851, ] [0.754843, -0.558303, ] [0.755669, -0.560467, ] [0.756094, -0.561569, ] [0.756147, -0.561707, ] [0.756174, -0.561776, ] [0.756187, -0.561811, ] [0.756201, -0.561846, ] [0.756309, -0.562124, ] [0.756506, -0.562807, ] [0.760192, -0.591507, ] [0.898491, 0.456129, ] [0.959291, -0.814006, ] [1, -1, ] [1, -0.762764, ] [1, -0.465283, ] [1, -0.448814, ] [1, -0.448375, ] [1, -0.448192, ] [1, -0.448169, ] [1, -0.448146, ] [1, -0.448101, ] [1, -0.44801, ] [1, -0.447288, ] [1, -0.445875, ] [1, -0.443167, ] [1, -0.438664, ] [1, -0.333333, ] [1, 0.437007, ] [1, 0.510981, ] [1, 0.51711, ] [1, 0.517209, ] [1, 0.51727, ] [1, 0.517277, ] [1, 0.517285, ] [1, 0.5173, ] [1, 0.517331, ] [1, 0.517572, ] [1, 0.518045, ] [1, 0.518954, ] [1, 0.52078, ] [1, 1, ] [1, 1, ] Polynom = [-0.315565,2.137114594529871774e-12,0.1036835169088320408,-2.137318100281504484e-12,0.6954706737539083639,1.200845809337259818] 
Error step 1 : 0.3155651544132
Error step 2 : 0.3155651550405
Distance between errors :6.272100616656e-10
