-0.448669 -0.744799 
-0.448669 -0.744799 
-0.448669 -0.744799 
-0.448669 -0.744799 
-0.448669 -0.744799 
-0.448669 -0.744799 
-0.448669 -0.744799 
-0.448669 -0.744799 
-0.448669 -0.744799 
-0.448669 -0.744799 
-0.448669 -0.744799 
-0.448669 -0.744799 
-0.448669 -0.744799 
-0.448669 -0.744799 
-0.448669 -0.744799 
-0.448669 -0.744799 
-0.448669 -0.744799 
-0.448669 -0.744799 
-0.448669 -0.744799 
-0.448669 -0.744799 
-0.448669 -0.744799 
-0.448669 -0.744799 
-0.448669 -0.744799 
-0.448669 -0.744799 
-1 -0.469133 
1 0.045134 
0.0617331 -0.999999 
-0.909733 1.00001 
