Welcome to the summary of Remez 1 for multivariate polynomial approximation. 
The parameters of Remez have been initialized as : 

Turn 1: 
Error Step1 : 0
[1, 0, -0.499663, 0, 0.0399654, 0, 0.966673, 0, -1.56845e-05, 0, 1.28712e-05, 0, -1.83777e-05, 0, -1.18442e-05, 0, 8.71092e-06, 0, 0, 0, 0, 0, 0, 0, 1.78778e-05, 0, 8.17758e-06, 0, -6.04424e-06, 0, -0.125201, 0, 9.3512e-06, 0, -7.53785e-06, 0]
Error Step2 = -1.68306
Turn 2: 
Error Step1 : 0
[1, 0.000282884, -0.499663, -0.00141442, 0.0399654, 0.00113155, 0.966673, 0, -1.80223e-05, 0, 1.47557e-05, 0, -1.83777e-05, 0, -1.18442e-05, 0, 8.7109e-06, 0, 0, 0, 1.1689e-05, 0, -9.42233e-06, 0, 1.78778e-05, 0, 8.17756e-06, 0, -6.04422e-06, 0, -0.125201, 0, 0, 0, 0, 0]
Error Step2 = -1.68318
Turn 3: 
Error Step1 : 0
[1, 64.4124, -0.499044, -322.063, 0.039347, 257.651, 0.966673, 12.8826, 0, 0, -8.83057e-05, 51.5303, -1.83777e-05, 2.06125e-05, -9.26448e-05, 0, 0.000398695, 0.000288571, 0, 0, 2.4639e-05, -322.065, -0.000215543, 0, 1.78778e-05, 0, 0.000398163, -0.000721431, -0.000705212, 0.000412249, -0.125201, 51.5303, 0.000278211, 0, 0, 206.122]
Error Step2 = -64.2259
Turn 4: 
Error Step1 : Karush-Kuhn-Tucker
[1.00005, -0.0122296, -0.499649, 0.0611623, 0.0399105, -0.0489738, 0.966669, -0.00230025, 4.93026e-05, 0, 2.83579e-08, -0.0100346, -0.000188795, 0, 16, 17, 18, -1.04005e-08, 0, -4.09117e-08, -0.000474769, 0.0614685, 0, -2.07914e-08, 0.000147076, -6.38379e-05, 0, 1.90736e-08, 0, 31, 32, 33, -4.31779e-08, 0, 36, 37]
Error Step2 = -221.855