Welcome to the summary of Remez 1 multi for multivariate polynomial approximation. 
With the following parameters : 
degree of approximation = 2
maximum number of turns = 23
approximation of error = 1.00001e-09
approximation of points = 1e-12
x in = [[-1,1][-1,1]]
For the function 1/(x1+2*x2+4).

Generated D0 is : [-1, -1, ] [-1, 1, ] [0, 0, ] [1, -1, ] [1, 1, ] Polynom = [0.250001,-0.2476190476190475997,0.16904761904761903,-0.1809523809523808923,0.1523809523809523392,0,0,0,0] 
Error step 1 : 2.220446049251e-16
Error step 2 : 0.1824972787088
Distance between errors :0.1824972787088

Generated D0 is : [-1, -1, ] [-1, -0.585593, ] [-1, 0.933337, ] [-1, 1, ] [-0.94931, 0.911135, ] [-0.573697, -0.805954, ] [-0.267949, -1, ] [-0.0839202, 1, ] [0, 0, ] [1, -1, ] [1, 0.0551799, ] [1, 1, ] Polynom = [0.229628,-0.1363773732711378861,0.09214444728935805574,0.01837338407199960722,0.1320083208146615728,-0.1993257650243806244,-0.02561563233139206585,-0.1112416743479097691,0.122891435655944209] 
Error step 1 : 0.0203726315663
Error step 2 : 0.169150655698
Distance between errors :0.1487780241317

Generated D0 is : [-1, -1, ] [-1, -0.810312, ] [-1, -0.585593, ] [-1, 0.264248, ] [-1, 0.933337, ] [-1, 1, ] [-0.957385, -0.818535, ] [-0.94931, 0.911135, ] [-0.725297, -1, ] [-0.573697, -0.805954, ] [-0.547874, 1, ] [-0.267949, -1, ] [-0.0839202, 1, ] [-0.0145634, -0.567998, ] [0, 0, ] [0.295298, -1, ] [0.432383, 0.743067, ] [1, -1, ] [1, -0.563347, ] [1, 0.0551799, ] [1, 1, ] Polynom = [0.220988,-0.1526414068253887645,0.1537022595556158944,-0.07636539387477049578,0.1244510601391893845,-0.07665709483584746963,0,-0.06704774855189592208,0.07228816913416613588] 
Error step 1 : 0.05585978448353
Error step 2 : 0.06277033474216
Distance between errors :0.006910550258626

Generated D0 is : [-1, -1, ] [-1, -0.810312, ] [-1, -0.689776, ] [-1, -0.585593, ] [-1, 0.264248, ] [-1, 0.318857, ] [-1, 0.933337, ] [-1, 1, ] [-0.957385, -0.818535, ] [-0.94931, 0.911135, ] [-0.886392, -0.722209, ] [-0.79296, 1, ] [-0.725297, -1, ] [-0.573697, -0.805954, ] [-0.547874, 1, ] [-0.391827, -1, ] [-0.267949, -1, ] [-0.101503, 0.167621, ] [-0.0839202, 1, ] [-0.0145634, -0.567998, ] [0, 0, ] [0.295298, -1, ] [0.340789, -1, ] [0.38764, 1, ] [0.432383, 0.743067, ] [1, -1, ] [1, -0.563347, ] [1, 0.0551799, ] [1, 0.0642814, ] [1, 1, ] Polynom = [0.308354,-0.1682161975004941578,-0.03271993022163199871,-0.01794280063976383399,0.1294254905928986788,-0.1400541185245633979,-0.03188520998706212417,-0.04400456580070159773,0.1982544749384613503] 
Error step 1 : 0.05835374610591
Error step 2 : 0.06988368592509
Distance between errors :0.01152993981919

Generated D0 is : [-1, -1, ] [-1, -0.810312, ] [-1, -0.691004, ] [-1, -0.689776, ] [-1, -0.585593, ] [-1, 0.264248, ] [-1, 0.309008, ] [-1, 0.318857, ] [-1, 0.933337, ] [-1, 1, ] [-0.957385, -0.818535, ] [-0.94931, 0.911135, ] [-0.9127, -0.686302, ] [-0.886392, -0.722209, ] [-0.79296, 1, ] [-0.725297, -1, ] [-0.679128, -1, ] [-0.601167, 0.715481, ] [-0.573697, -0.805954, ] [-0.547874, 1, ] [-0.462209, -0.503696, ] [-0.391827, -1, ] [-0.267949, -1, ] [-0.101503, 0.167621, ] [-0.0839202, 1, ] [-0.0145634, -0.567998, ] [0, 0, ] [0.00337039, 1, ] [0.185551, -1, ] [0.295298, -1, ] [0.340789, -1, ] [0.38764, 1, ] [0.432383, 0.743067, ] [0.457488, -0.0850747, ] [1, -1, ] [1, -0.563347, ] [1, 0.0551799, ] [1, 0.0642814, ] [1, 0.610794, ] [1, 1, ] [1.00001, -0.146166, ] Polynom = [0.285721,-0.1107222464650601534,0.04930245964920339924,-0.0179956743918018025,0.1303345247215214886,-0.1409102789011482115,-0.009288977611453436838,-0.1005840154381788253,0.1153600702924419408] 
Error step 1 : 0.05835921337524
Error step 2 : 0.06054482455995
Distance between errors :0.002185611184707

Generated D0 is : [-1, -1, ] [-1, -0.810312, ] [-1, -0.691004, ] [-1, -0.690983, ] [-1, -0.689776, ] [-1, -0.585593, ] [-1, 0.264248, ] [-1, 0.309008, ] [-1, 0.309017, ] [-1, 0.318857, ] [-1, 0.933337, ] [-1, 1, ] [-0.957385, -0.818535, ] [-0.94931, 0.911135, ] [-0.9127, -0.686302, ] [-0.900345, 1.00001, ] [-0.886392, -0.722209, ] [-0.79296, 1, ] [-0.725297, -1, ] [-0.679128, -1, ] [-0.671904, -1, ] [-0.601167, 0.715481, ] [-0.573697, -0.805954, ] [-0.547874, 1, ] [-0.462209, -0.503696, ] [-0.391827, -1, ] [-0.276365, -0.384174, ] [-0.267949, -1, ] [-0.101503, 0.167621, ] [-0.0839202, 1, ] [-0.0145634, -0.567998, ] [0, 0, ] [0.00337039, 1, ] [0.185551, -1, ] [0.199854, -1, ] [0.295298, -1, ] [0.327714, 1, ] [0.340789, -1, ] [0.38764, 1, ] [0.432383, 0.743067, ] [0.457488, -0.0850747, ] [0.695499, 0.500929, ] [0.918649, 0.967123, ] [0.982631, 0.0422976, ] [1, -1, ] [1, -0.563347, ] [1, 0.0551799, ] [1, 0.0642814, ] [1, 0.610794, ] [1, 1, ] [1.00001, 0.630494, ] [1.00001, -0.146166, ] [1.00001, -0.0523473, ] Polynom = [0.295314,-0.1234639689870189738,0.05233599482269610248,-0.02106073015740994591,0.1251499313166170302,-0.1326606297306356374,-0.02194667826856083747,-0.0930268861962377791,0.1205761844467524713] 
Error step 1 : 0.05835921350013
Error step 2 : 0.05960939347759
Distance between errors :0.001250179977461

Generated D0 is : [-1, -1, ] [-1, -0.810312, ] [-1, -0.691004, ] [-1, -0.690983, ] [-1, -0.690983, ] [-1, -0.689776, ] [-1, -0.585593, ] [-1, 0.264248, ] [-1, 0.309008, ] [-1, 0.309017, ] [-1, 0.309017, ] [-1, 0.318857, ] [-1, 0.933337, ] [-1, 1, ] [-0.957385, -0.818535, ] [-0.954476, -0.694477, ] [-0.951054, 1, ] [-0.94931, 0.911135, ] [-0.9127, -0.686302, ] [-0.900345, 1.00001, ] [-0.886392, -0.722209, ] [-0.79296, 1, ] [-0.725297, -1, ] [-0.679128, -1, ] [-0.671904, -1, ] [-0.601167, 0.715481, ] [-0.596072, -1, ] [-0.573697, -0.805954, ] [-0.547874, 1, ] [-0.462209, -0.503696, ] [-0.391827, -1, ] [-0.276365, -0.384174, ] [-0.267949, -1, ] [-0.244178, -0.430822, ] [-0.101503, 0.167621, ] [-0.0839202, 1, ] [-0.0145634, -0.567998, ] [0, 0, ] [0.00337039, 1, ] [0.17713, -1, ] [0.185551, -1, ] [0.199854, -1, ] [0.295298, -1, ] [0.304539, 1, ] [0.327714, 1, ] [0.340789, -1, ] [0.38764, 1, ] [0.432383, 0.743067, ] [0.457488, -0.0850747, ] [0.538048, 0.39156, ] [0.695499, 0.500929, ] [0.701447, 0.970705, ] [0.901727, -0.194824, ] [0.918649, 0.967123, ] [0.982631, 0.0422976, ] [1, -0.616928, ] [1, -1, ] [1, -0.563347, ] [1, 0.0551799, ] [1, 0.0642814, ] [1, 0.392034, ] [1, 0.610794, ] [1, 1, ] [1.00001, 0.630494, ] [1.00001, -0.146166, ] [1.00001, -0.0523473, ] Polynom = [0.294196,-0.1291054408230520311,0.0300255373255417131,-0.01879444597303339681,0.1350698425747882959,-0.1448468251731834521,-0.01856289027439475547,-0.07746550310703942399,0.1307004465175587161] 
Error step 1 : 0.05835921349513
Error step 2 : 0.06108760372514
Distance between errors :0.002728390230015

Generated D0 is : [-1, -1, ] [-1, -0.810312, ] [-1, -0.691004, ] [-1, -0.690983, ] [-1, -0.690983, ] [-1, -0.690983, ] [-1, -0.689776, ] [-1, -0.585593, ] [-1, 0.264248, ] [-1, 0.309008, ] [-1, 0.309017, ] [-1, 0.309017, ] [-1, 0.309017, ] [-1, 0.318857, ] [-1, 0.933337, ] [-1, 1, ] [-0.977418, -0.692446, ] [-0.957385, -0.818535, ] [-0.954476, -0.694477, ] [-0.951054, 1, ] [-0.94931, 0.911135, ] [-0.9127, -0.686302, ] [-0.900345, 1.00001, ] [-0.886392, -0.722209, ] [-0.79296, 1, ] [-0.725297, -1, ] [-0.679128, -1, ] [-0.671904, -1, ] [-0.641786, -1, ] [-0.601167, 0.715481, ] [-0.596072, -1, ] [-0.573697, -0.805954, ] [-0.547874, 1, ] [-0.462209, -0.503696, ] [-0.391827, -1, ] [-0.276365, -0.384174, ] [-0.275269, -0.413302, ] [-0.267949, -1, ] [-0.244178, -0.430822, ] [-0.101503, 0.167621, ] [-0.0839202, 1, ] [-0.0784989, 0.972309, ] [-0.0145634, -0.567998, ] [0, 0, ] [0.00337039, 1, ] [0.0132022, 1, ] [0.17713, -1, ] [0.185551, -1, ] [0.199854, -1, ] [0.280791, -0.999999, ] [0.295298, -1, ] [0.304539, 1, ] [0.327714, 1, ] [0.340789, -1, ] [0.38764, 1, ] [0.432383, 0.743067, ] [0.457488, -0.0850747, ] [0.538048, 0.39156, ] [0.695499, 0.500929, ] [0.701447, 0.970705, ] [0.710807, 0.221571, ] [0.901727, -0.194824, ] [0.918649, 0.967123, ] [0.982631, 0.0422976, ] [1, 0.487937, ] [1, -0.616928, ] [1, -1, ] [1, -0.563347, ] [1, 0.0551799, ] [1, 0.0642814, ] [1, 0.392034, ] [1, 0.610794, ] [1, 1, ] [1.00001, 0.840726, ] [1.00001, 0.630494, ] [1.00001, -0.146166, ] [1.00001, -0.0523473, ] Polynom = [0.30836,-0.1118119016153540368,0.02246724167428693076,-0.03550879654627865644,0.1232013456308891781,-0.1162639776560390886,-0.04944081904648885139,-0.1066275392536303878,0.1668415896697577894] 
Error step 1 : 0.05835921350013
Error step 2 : 0.06424940165812
Distance between errors :0.005890188157992

Generated D0 is : [-1, -1, ] [-1, -0.810312, ] [-1, -0.691004, ] [-1, -0.690983, ] [-1, -0.690983, ] [-1, -0.690983, ] [-1, -0.690983, ] [-1, -0.689776, ] [-1, -0.585593, ] [-1, 0.264248, ] [-1, 0.309008, ] [-1, 0.309017, ] [-1, 0.309017, ] [-1, 0.309017, ] [-1, 0.309017, ] [-1, 0.318857, ] [-1, 0.933337, ] [-1, 1, ] [-0.977418, -0.692446, ] [-0.957385, -0.818535, ] [-0.954476, -0.694477, ] [-0.951054, 1, ] [-0.94931, 0.911135, ] [-0.9127, -0.686302, ] [-0.900345, 1.00001, ] [-0.886392, -0.722209, ] [-0.79296, 1, ] [-0.725297, -1, ] [-0.693184, -1, ] [-0.679128, -1, ] [-0.671904, -1, ] [-0.641786, -1, ] [-0.601167, 0.715481, ] [-0.596072, -1, ] [-0.573697, -0.805954, ] [-0.547874, 1, ] [-0.462209, -0.503696, ] [-0.436378, -0.44267, ] [-0.391827, -1, ] [-0.276365, -0.384174, ] [-0.275269, -0.413302, ] [-0.267949, -1, ] [-0.244178, -0.430822, ] [-0.101503, 0.167621, ] [-0.0839202, 1, ] [-0.0793828, 0.989253, ] [-0.0784989, 0.972309, ] [-0.0145634, -0.567998, ] [0, 0, ] [0.00337039, 1, ] [0.0132022, 1, ] [0.0638348, 1, ] [0.114558, -1, ] [0.17713, -1, ] [0.185551, -1, ] [0.199854, -1, ] [0.251419, 0.294707, ] [0.280791, -0.999999, ] [0.295298, -1, ] [0.304539, 1, ] [0.327714, 1, ] [0.340789, -1, ] [0.38764, 1, ] [0.432383, 0.743067, ] [0.457488, -0.0850747, ] [0.538048, 0.39156, ] [0.631779, 0.951054, ] [0.695499, 0.500929, ] [0.701447, 0.970705, ] [0.710807, 0.221571, ] [0.863285, -0.431924, ] [0.901727, -0.194824, ] [0.918649, 0.967123, ] [0.982631, 0.0422976, ] [1, 0.487937, ] [1, -0.616928, ] [1, -1, ] [1, -0.563347, ] [1, 0.0551799, ] [1, 0.0642814, ] [1, 0.172839, ] [1, 0.392034, ] [1, 0.610794, ] [1, 1, ] [1.00001, 0.840726, ] [1.00001, 0.630494, ] [1.00001, -0.146166, ] [1.00001, -0.0523473, ] Polynom = [0.28226,-0.1162902951358780329,0.05815933250896057616,-0.02250561231900594094,0.1434868931768123191,-0.1495527094292349312,-0.01033827873460119173,-0.08186359819218942679,0.09786076707808841202] 
Error step 1 : 0.05835921349513
Error step 2 : 0.05919476483448
Distance between errors :0.0008355513393579

Generated D0 is : [-1, -1, ] [-1, -0.810312, ] [-1, -0.691004, ] [-1, -0.690983, ] [-1, -0.690983, ] [-1, -0.690983, ] [-1, -0.690983, ] [-1, -0.690983, ] [-1, -0.689776, ] [-1, -0.585593, ] [-1, 0.264248, ] [-1, 0.309008, ] [-1, 0.309017, ] [-1, 0.309017, ] [-1, 0.309017, ] [-1, 0.309017, ] [-1, 0.309017, ] [-1, 0.318857, ] [-1, 0.933337, ] [-1, 1, ] [-0.988595, -0.692373, ] [-0.977418, -0.692446, ] [-0.975738, 1, ] [-0.957385, -0.818535, ] [-0.954476, -0.694477, ] [-0.951054, 1, ] [-0.94931, 0.911135, ] [-0.9127, -0.686302, ] [-0.900345, 1.00001, ] [-0.886392, -0.722209, ] [-0.79296, 1, ] [-0.725297, -1, ] [-0.693184, -1, ] [-0.679128, -1, ] [-0.671904, -1, ] [-0.641786, -1, ] [-0.621144, -1, ] [-0.601167, 0.715481, ] [-0.596072, -1, ] [-0.573697, -0.805954, ] [-0.547874, 1, ] [-0.462209, -0.503696, ] [-0.436378, -0.44267, ] [-0.391827, -1, ] [-0.276365, -0.384174, ] [-0.275269, -0.413302, ] [-0.267949, -1, ] [-0.244178, -0.430822, ] [-0.175908, -0.354423, ] [-0.101503, 0.167621, ] [-0.0839202, 1, ] [-0.0793828, 0.989253, ] [-0.0784989, 0.972309, ] [-0.0145634, -0.567998, ] [0, 0, ] [0.00337039, 1, ] [0.0132022, 1, ] [0.0638348, 1, ] [0.114558, -1, ] [0.17713, -1, ] [0.185551, -1, ] [0.199854, -1, ] [0.251419, 0.294707, ] [0.280791, -0.999999, ] [0.294206, 1, ] [0.295298, -1, ] [0.304539, 1, ] [0.327714, 1, ] [0.340789, -1, ] [0.38764, 1, ] [0.432383, 0.743067, ] [0.432617, -1, ] [0.457488, -0.0850747, ] [0.538048, 0.39156, ] [0.631779, 0.951054, ] [0.695499, 0.500929, ] [0.701447, 0.970705, ] [0.710807, 0.221571, ] [0.781775, 0.689396, ] [0.863285, -0.431924, ] [0.901727, -0.194824, ] [0.918649, 0.967123, ] [0.982631, 0.0422976, ] [1, 0.487937, ] [1, -0.616928, ] [1, 0.918444, ] [1, -1, ] [1, -0.563347, ] [1, 0.0551799, ] [1, 0.0642814, ] [1, 0.172839, ] [1, 0.392034, ] [1, 0.610794, ] [1, 1, ] [1.00001, 0.840726, ] [1.00001, 0.630494, ] [1.00001, -0.146166, ] [1.00001, -0.0523473, ] Polynom = [0.274462,-0.1134338329931716404,0.06307355596231790929,-0.01996582104980922783,0.1379261505071114336,-0.1465317580287309184,0,-0.0902808029995907646,0.09596749500903549446] 
Error step 1 : 0.05835921350013
Error step 2 : 0.05845347596425
Distance between errors :9.426246412179e-05

Generated D0 is : [-1, -1, ] [-1, -0.810312, ] [-1, -0.691004, ] [-1, -0.690983, ] [-1, -0.690983, ] [-1, -0.690983, ] [-1, -0.690983, ] [-1, -0.690983, ] [-1, -0.690983, ] [-1, -0.689776, ] [-1, -0.585593, ] [-1, 0.264248, ] [-1, 0.309008, ] [-1, 0.309017, ] [-1, 0.309017, ] [-1, 0.309017, ] [-1, 0.309017, ] [-1, 0.309017, ] [-1, 0.309017, ] [-1, 0.318857, ] [-1, 0.933337, ] [-1, 1, ] [-0.988595, -0.692373, ] [-0.98792, 1, ] [-0.977418, -0.692446, ] [-0.975738, 1, ] [-0.957385, -0.818535, ] [-0.954476, -0.694477, ] [-0.951054, 1, ] [-0.94931, 0.911135, ] [-0.9127, -0.686302, ] [-0.900345, 1.00001, ] [-0.886392, -0.722209, ] [-0.79296, 1, ] [-0.725297, -1, ] [-0.693184, -1, ] [-0.679128, -1, ] [-0.671904, -1, ] [-0.645067, -1, ] [-0.641786, -1, ] [-0.621144, -1, ] [-0.601167, 0.715481, ] [-0.596072, -1, ] [-0.573697, -0.805954, ] [-0.547874, 1, ] [-0.462209, -0.503696, ] [-0.436378, -0.44267, ] [-0.391827, -1, ] [-0.276365, -0.384174, ] [-0.275269, -0.413302, ] [-0.267949, -1, ] [-0.244178, -0.430822, ] [-0.179591, -0.355668, ] [-0.175908, -0.354423, ] [-0.101503, 0.167621, ] [-0.0839202, 1, ] [-0.0793828, 0.989253, ] [-0.0784989, 0.972309, ] [-0.0145634, -0.567998, ] [0, 0, ] [0.00337039, 1, ] [0.0132022, 1, ] [0.0638348, 1, ] [0.114558, -1, ] [0.17713, -1, ] [0.185551, -1, ] [0.199854, -1, ] [0.251419, 0.294707, ] [0.280791, -0.999999, ] [0.289313, 1, ] [0.294206, 1, ] [0.295298, -1, ] [0.304539, 1, ] [0.317332, -1, ] [0.327714, 1, ] [0.340789, -1, ] [0.38764, 1, ] [0.432383, 0.743067, ] [0.432617, -1, ] [0.457488, -0.0850747, ] [0.538048, 0.39156, ] [0.631779, 0.951054, ] [0.695499, 0.500929, ] [0.701447, 0.970705, ] [0.710807, 0.221571, ] [0.781775, 0.689396, ] [0.863285, -0.431924, ] [0.901727, -0.194824, ] [0.918649, 0.967123, ] [0.92099, 0.733146, ] [0.982631, 0.0422976, ] [1, 0.487937, ] [1, -0.616928, ] [1, 0.918444, ] [1, 0.873541, ] [1, -1, ] [1, -0.563347, ] [1, 0.0551799, ] [1, 0.0642814, ] [1, 0.172839, ] [1, 0.392034, ] [1, 0.610794, ] [1, 1, ] [1.00001, 0.965494, ] [1.00001, 0.840726, ] [1.00001, 0.630494, ] [1.00001, -0.146166, ] [1.00001, -0.0523473, ] Polynom = [0.279098,-0.1169343250492217434,0.06192372153929071033,-0.02276870458210106251,0.143643065236740336,-0.1494457892260677989,-0.00743938780719247128,-0.08106339621891768543,0.09420329825092549348] 
Error step 1 : 0.05835921349513
Error step 2 : 0.0585057479779
Distance between errors :0.0001465344827749

Generated D0 is : [-1, -1, ] [-1, -0.810312, ] [-1, -0.691004, ] [-1, -0.690983, ] [-1, -0.690983, ] [-1, -0.690983, ] [-1, -0.690983, ] [-1, -0.690983, ] [-1, -0.690983, ] [-1, -0.690983, ] [-1, -0.689776, ] [-1, -0.585593, ] [-1, 0.264248, ] [-1, 0.309008, ] [-1, 0.309017, ] [-1, 0.309017, ] [-1, 0.309017, ] [-1, 0.309017, ] [-1, 0.309017, ] [-1, 0.309017, ] [-1, 0.309017, ] [-1, 0.318857, ] [-1, 0.933337, ] [-1, 1, ] [-0.994305, -0.691739, ] [-0.993973, 1.00001, ] [-0.988595, -0.692373, ] [-0.98792, 1, ] [-0.977418, -0.692446, ] [-0.975738, 1, ] [-0.957385, -0.818535, ] [-0.954476, -0.694477, ] [-0.951054, 1, ] [-0.94931, 0.911135, ] [-0.9127, -0.686302, ] [-0.900345, 1.00001, ] [-0.886392, -0.722209, ] [-0.79296, 1, ] [-0.725297, -1, ] [-0.693184, -1, ] [-0.679128, -1, ] [-0.671904, -1, ] [-0.645067, -1, ] [-0.641786, -1, ] [-0.621144, -1, ] [-0.617314, -1, ] [-0.601167, 0.715481, ] [-0.596072, -1, ] [-0.573697, -0.805954, ] [-0.547874, 1, ] [-0.462209, -0.503696, ] [-0.436378, -0.44267, ] [-0.391827, -1, ] [-0.276365, -0.384174, ] [-0.275269, -0.413302, ] [-0.267949, -1, ] [-0.244178, -0.430822, ] [-0.179591, -0.355668, ] [-0.175908, -0.354423, ] [-0.153512, -0.348091, ] [-0.101503, 0.167621, ] [-0.0839202, 1, ] [-0.0793828, 0.989253, ] [-0.0784989, 0.972309, ] [-0.0145634, -0.567998, ] [0, 0, ] [0.00337039, 1, ] [0.0132022, 1, ] [0.0638348, 1, ] [0.114558, -1, ] [0.17713, -1, ] [0.185551, -1, ] [0.199854, -1, ] [0.251419, 0.294707, ] [0.280791, -0.999999, ] [0.286931, 1, ] [0.289313, 1, ] [0.294206, 1, ] [0.295298, -1, ] [0.304539, 1, ] [0.317332, -1, ] [0.327714, 1, ] [0.340789, -1, ] [0.38764, 1, ] [0.432383, 0.743067, ] [0.432617, -1, ] [0.44103, -1, ] [0.457488, -0.0850747, ] [0.538048, 0.39156, ] [0.631779, 0.951054, ] [0.695499, 0.500929, ] [0.701447, 0.970705, ] [0.710807, 0.221571, ] [0.781775, 0.689396, ] [0.848447, 0.774757, ] [0.863285, -0.431924, ] [0.901727, -0.194824, ] [0.918649, 0.967123, ] [0.92099, 0.733146, ] [0.982631, 0.0422976, ] [0.983537, 0.923276, ] [1, 0.487937, ] [1, 0.982649, ] [1, -0.616928, ] [1, 0.918444, ] [1, 0.873541, ] [1, -1, ] [1, -0.563347, ] [1, 0.0551799, ] [1, 0.0642814, ] [1, 0.172839, ] [1, 0.392034, ] [1, 0.610794, ] [1, 1, ] [1.00001, 0.965494, ] [1.00001, 0.840726, ] [1.00001, 0.630494, ] [1.00001, -0.146166, ] [1.00001, -0.0523473, ] Polynom = [0.281097,-0.1161784350909399327,0.05916268276933527027,-0.02298172295361401717,0.142647184163944979,-0.1482368897817595287,-0.009650662955160899114,-0.08281516724999488099,0.09817323646518916203] 
Error step 1 : 0.05835921349513
Error step 2 : 0.05842950900132
Distance between errors :7.029550619534e-05

Generated D0 is : [-1, -1, ] [-1, -0.810312, ] [-1, -0.691004, ] [-1, -0.690983, ] [-1, -0.690983, ] [-1, -0.690983, ] [-1, -0.690983, ] [-1, -0.690983, ] [-1, -0.690983, ] [-1, -0.690983, ] [-1, -0.690983, ] [-1, -0.689776, ] [-1, -0.585593, ] [-1, 0.264248, ] [-1, 0.309008, ] [-1, 0.309017, ] [-1, 0.309017, ] [-1, 0.309017, ] [-1, 0.309017, ] [-1, 0.309017, ] [-1, 0.309017, ] [-1, 0.309017, ] [-1, 0.309017, ] [-1, 0.318857, ] [-1, 0.933337, ] [-1, 1, ] [-0.997154, -0.691336, ] [-0.996989, 1, ] [-0.994305, -0.691739, ] [-0.993973, 1.00001, ] [-0.988595, -0.692373, ] [-0.98792, 1, ] [-0.977418, -0.692446, ] [-0.975738, 1, ] [-0.957385, -0.818535, ] [-0.954476, -0.694477, ] [-0.951054, 1, ] [-0.94931, 0.911135, ] [-0.9127, -0.686302, ] [-0.900345, 1.00001, ] [-0.886392, -0.722209, ] [-0.79296, 1, ] [-0.725297, -1, ] [-0.693184, -1, ] [-0.679128, -1, ] [-0.671904, -1, ] [-0.645067, -1, ] [-0.641786, -1, ] [-0.622911, -1, ] [-0.621144, -1, ] [-0.617314, -1, ] [-0.601167, 0.715481, ] [-0.596072, -1, ] [-0.573697, -0.805954, ] [-0.547874, 1, ] [-0.462209, -0.503696, ] [-0.436378, -0.44267, ] [-0.391827, -1, ] [-0.276365, -0.384174, ] [-0.275269, -0.413302, ] [-0.267949, -1, ] [-0.244178, -0.430822, ] [-0.179591, -0.355668, ] [-0.175908, -0.354423, ] [-0.172771, -0.352084, ] [-0.153512, -0.348091, ] [-0.101503, 0.167621, ] [-0.0839202, 1, ] [-0.0793828, 0.989253, ] [-0.0784989, 0.972309, ] [-0.0145634, -0.567998, ] [0, 0, ] [0.00337039, 1, ] [0.0132022, 1, ] [0.0638348, 1, ] [0.114558, -1, ] [0.17713, -1, ] [0.185551, -1, ] [0.199854, -1, ] [0.251419, 0.294707, ] [0.280791, -0.999999, ] [0.285755, 1, ] [0.286931, 1, ] [0.289313, 1, ] [0.294206, 1, ] [0.295298, -1, ] [0.304539, 1, ] [0.317332, -1, ] [0.327714, 1, ] [0.340789, -1, ] [0.38764, 1, ] [0.415968, -1, ] [0.432383, 0.743067, ] [0.432617, -1, ] [0.44103, -1, ] [0.457488, -0.0850747, ] [0.538048, 0.39156, ] [0.631779, 0.951054, ] [0.695499, 0.500929, ] [0.701447, 0.970705, ] [0.710807, 0.221571, ] [0.781775, 0.689396, ] [0.786124, 0.763567, ] [0.848447, 0.774757, ] [0.863285, -0.431924, ] [0.901727, -0.194824, ] [0.918649, 0.967123, ] [0.92099, 0.733146, ] [0.936472, 0.934247, ] [0.982631, 0.0422976, ] [0.983537, 0.923276, ] [1, 0.487937, ] [1, 0.982649, ] [1, -0.616928, ] [1, 0.918444, ] [1, 0.873541, ] [1, -1, ] [1, -0.563347, ] [1, 0.0551799, ] [1, 0.0642814, ] [1, 0.172839, ] [1, 0.392034, ] [1, 0.610794, ] [1, 1, ] [1.00001, 0.965494, ] [1.00001, 0.840726, ] [1.00001, 0.630494, ] [1.00001, -0.146166, ] [1.00001, -0.0523473, ] Polynom = [0.276887,-0.1172763213135331605,0.06444562044872774454,-0.02267874145213814862,0.1440303424118238307,-0.1499648291397187582,-0.005138320600746718036,-0.08033412277451693062,0.09116235941163769452] 
Error step 1 : 0.05835921350013
Error step 2 : 0.05841782255256
Distance between errors :5.860905242458e-05

Generated D0 is : [-1, -1, ] [-1, -0.810312, ] [-1, -0.691004, ] [-1, -0.690983, ] [-1, -0.690983, ] [-1, -0.690983, ] [-1, -0.690983, ] [-1, -0.690983, ] [-1, -0.690983, ] [-1, -0.690983, ] [-1, -0.690983, ] [-1, -0.690983, ] [-1, -0.689776, ] [-1, -0.585593, ] [-1, 0.264248, ] [-1, 0.309008, ] [-1, 0.309017, ] [-1, 0.309017, ] [-1, 0.309017, ] [-1, 0.309017, ] [-1, 0.309017, ] [-1, 0.309017, ] [-1, 0.309017, ] [-1, 0.309017, ] [-1, 0.309017, ] [-1, 0.318857, ] [-1, 0.933337, ] [-1, 1, ] [-0.998575, -0.691183, ] [-0.998495, 1, ] [-0.997154, -0.691336, ] [-0.996989, 1, ] [-0.994305, -0.691739, ] [-0.993973, 1.00001, ] [-0.988595, -0.692373, ] [-0.98792, 1, ] [-0.977418, -0.692446, ] [-0.975738, 1, ] [-0.957385, -0.818535, ] [-0.954476, -0.694477, ] [-0.951054, 1, ] [-0.94931, 0.911135, ] [-0.9127, -0.686302, ] [-0.900345, 1.00001, ] [-0.886392, -0.722209, ] [-0.79296, 1, ] [-0.725297, -1, ] [-0.693184, -1, ] [-0.679128, -1, ] [-0.671904, -1, ] [-0.645067, -1, ] [-0.641786, -1, ] [-0.622911, -1, ] [-0.621144, -1, ] [-0.617314, -1, ] [-0.61495, -1, ] [-0.601167, 0.715481, ] [-0.596072, -1, ] [-0.573697, -0.805954, ] [-0.547874, 1, ] [-0.462209, -0.503696, ] [-0.436378, -0.44267, ] [-0.391827, -1, ] [-0.276365, -0.384174, ] [-0.275269, -0.413302, ] [-0.267949, -1, ] [-0.244178, -0.430822, ] [-0.179591, -0.355668, ] [-0.175908, -0.354423, ] [-0.172771, -0.352084, ] [-0.153512, -0.348091, ] [-0.138741, -0.344629, ] [-0.101503, 0.167621, ] [-0.0839202, 1, ] [-0.0793828, 0.989253, ] [-0.0784989, 0.972309, ] [-0.0145634, -0.567998, ] [0, 0, ] [0.00337039, 1, ] [0.0132022, 1, ] [0.0638348, 1, ] [0.114558, -1, ] [0.17713, -1, ] [0.185551, -1, ] [0.199854, -1, ] [0.251419, 0.294707, ] [0.280791, -0.999999, ] [0.285755, 1, ] [0.286931, 1, ] [0.289313, 1, ] [0.294206, 1, ] [0.295298, -1, ] [0.301187, 1, ] [0.304539, 1, ] [0.317332, -1, ] [0.327714, 1, ] [0.340789, -1, ] [0.38764, 1, ] [0.415968, -1, ] [0.432383, 0.743067, ] [0.432617, -1, ] [0.44103, -1, ] [0.4518, -1, ] [0.457488, -0.0850747, ] [0.538048, 0.39156, ] [0.631779, 0.951054, ] [0.695499, 0.500929, ] [0.701447, 0.970705, ] [0.710807, 0.221571, ] [0.781775, 0.689396, ] [0.786124, 0.763567, ] [0.848447, 0.774757, ] [0.863285, -0.431924, ] [0.901727, -0.194824, ] [0.911383, 0.800983, ] [0.918649, 0.967123, ] [0.92099, 0.733146, ] [0.936472, 0.934247, ] [0.982631, 0.0422976, ] [0.983537, 0.923276, ] [1, 0.487937, ] [1, 0.982649, ] [1, -0.616928, ] [1, 0.918444, ] [1, 0.873541, ] [1, -1, ] [1, -0.563347, ] [1, 0.0551799, ] [1, 0.0642814, ] [1, 0.172839, ] [1, 0.392034, ] [1, 0.610794, ] [1, 0.888116, ] [1, 1, ] [1.00001, 0.965494, ] [1.00001, 0.840726, ] [1.00001, 0.630494, ] [1.00001, -0.146166, ] [1.00001, -0.0523473, ] Polynom = [0.277966,-0.1169094393047568625,0.06301872986955303624,-0.02277944517876696883,0.1435983828291070575,-0.1493903662217686556,-0.006318181644919901307,-0.08113296437101580327,0.09316371292496206103] 
Error step 1 : 0.05835921349513
Error step 2 : 0.05837796034868
Distance between errors :1.874685355841e-05

Generated D0 is : [-1, -1, ] [-1, -0.810312, ] [-1, -0.691004, ] [-1, -0.690983, ] [-1, -0.690983, ] [-1, -0.690983, ] [-1, -0.690983, ] [-1, -0.690983, ] [-1, -0.690983, ] [-1, -0.690983, ] [-1, -0.690983, ] [-1, -0.690983, ] [-1, -0.689776, ] [-1, -0.585593, ] [-1, 0.264248, ] [-1, 0.309008, ] [-1, 0.309017, ] [-1, 0.309017, ] [-1, 0.309017, ] [-1, 0.309017, ] [-1, 0.309017, ] [-1, 0.309017, ] [-1, 0.309017, ] [-1, 0.309017, ] [-1, 0.309017, ] [-1, 0.309017, ] [-1, 0.318857, ] [-1, 0.933337, ] [-1, 1, ] [-0.999287, -0.69108, ] [-0.999247, 1, ] [-0.998575, -0.691183, ] [-0.998495, 1, ] [-0.997154, -0.691336, ] [-0.996989, 1, ] [-0.994305, -0.691739, ] [-0.993973, 1.00001, ] [-0.988595, -0.692373, ] [-0.98792, 1, ] [-0.977418, -0.692446, ] [-0.975738, 1, ] [-0.957385, -0.818535, ] [-0.954476, -0.694477, ] [-0.951054, 1, ] [-0.94931, 0.911135, ] [-0.9127, -0.686302, ] [-0.900345, 1.00001, ] [-0.886392, -0.722209, ] [-0.79296, 1, ] [-0.725297, -1, ] [-0.693184, -1, ] [-0.679128, -1, ] [-0.671904, -1, ] [-0.645067, -1, ] [-0.641786, -1, ] [-0.622911, -1, ] [-0.621144, -1, ] [-0.617545, -1, ] [-0.617314, -1, ] [-0.61495, -1, ] [-0.601167, 0.715481, ] [-0.596072, -1, ] [-0.573697, -0.805954, ] [-0.547874, 1, ] [-0.462209, -0.503696, ] [-0.436378, -0.44267, ] [-0.391827, -1, ] [-0.276365, -0.384174, ] [-0.275269, -0.413302, ] [-0.267949, -1, ] [-0.244178, -0.430822, ] [-0.179591, -0.355668, ] [-0.175908, -0.354423, ] [-0.172771, -0.352084, ] [-0.153512, -0.348091, ] [-0.148333, -0.34633, ] [-0.138741, -0.344629, ] [-0.101503, 0.167621, ] [-0.0839202, 1, ] [-0.0793828, 0.989253, ] [-0.0784989, 0.972309, ] [-0.0145634, -0.567998, ] [0, 0, ] [0.00337039, 1, ] [0.0132022, 1, ] [0.0638348, 1, ] [0.114558, -1, ] [0.17713, -1, ] [0.185551, -1, ] [0.199854, -1, ] [0.251419, 0.294707, ] [0.280791, -0.999999, ] [0.28488, 1, ] [0.285755, 1, ] [0.286931, 1, ] [0.289313, 1, ] [0.294206, 1, ] [0.295298, -1, ] [0.301187, 1, ] [0.304539, 1, ] [0.317332, -1, ] [0.327714, 1, ] [0.340789, -1, ] [0.38764, 1, ] [0.415968, -1, ] [0.432383, 0.743067, ] [0.432617, -1, ] [0.439907, -1, ] [0.44103, -1, ] [0.4518, -1, ] [0.457488, -0.0850747, ] [0.538048, 0.39156, ] [0.631779, 0.951054, ] [0.695499, 0.500929, ] [0.701447, 0.970705, ] [0.710807, 0.221571, ] [0.781775, 0.689396, ] [0.786124, 0.763567, ] [0.848447, 0.774757, ] [0.863285, -0.431924, ] [0.87871, 0.807634, ] [0.901727, -0.194824, ] [0.911383, 0.800983, ] [0.918649, 0.967123, ] [0.92099, 0.733146, ] [0.936472, 0.934247, ] [0.972194, 0.909119, ] [0.982631, 0.0422976, ] [0.983537, 0.923276, ] [1, 0.99555, ] [1, 0.487937, ] [1, 0.982649, ] [1, -0.616928, ] [1, 0.918444, ] [1, 0.873541, ] [1, -1, ] [1, -0.563347, ] [1, 0.0551799, ] [1, 0.0642814, ] [1, 0.172839, ] [1, 0.392034, ] [1, 0.610794, ] [1, 0.888116, ] [1, 1, ] [1.00001, 0.965494, ] [1.00001, 0.840726, ] [1.00001, 0.630494, ] [1.00001, -0.146166, ] [1.00001, -0.0523473, ] Polynom = [0.277667,-0.1169649457782540591,0.06337227208028352322,-0.02279791333330970226,0.1436680293065348002,-0.1494417393445560127,-0.006037657443313859673,-0.08100781142009094715,0.09275879759144427251] 
Error step 1 : 0.05835921349513
Error step 2 : 0.05836069840822
Distance between errors :1.48491309842e-06

Generated D0 is : [-1, -1, ] [-1, -0.810312, ] [-1, -0.691004, ] [-1, -0.690983, ] [-1, -0.690983, ] [-1, -0.690983, ] [-1, -0.690983, ] [-1, -0.690983, ] [-1, -0.690983, ] [-1, -0.690983, ] [-1, -0.690983, ] [-1, -0.690983, ] [-1, -0.690983, ] [-1, -0.689776, ] [-1, -0.585593, ] [-1, 0.264248, ] [-1, 0.309008, ] [-1, 0.309017, ] [-1, 0.309017, ] [-1, 0.309017, ] [-1, 0.309017, ] [-1, 0.309017, ] [-1, 0.309017, ] [-1, 0.309017, ] [-1, 0.309017, ] [-1, 0.309017, ] [-1, 0.309017, ] [-1, 0.309017, ] [-1, 0.318857, ] [-1, 0.933337, ] [-1, 1, ] [-0.999644, -0.691031, ] [-0.999623, 1, ] [-0.999287, -0.69108, ] [-0.999247, 1, ] [-0.998575, -0.691183, ] [-0.998495, 1, ] [-0.997154, -0.691336, ] [-0.996989, 1, ] [-0.994305, -0.691739, ] [-0.993973, 1.00001, ] [-0.988595, -0.692373, ] [-0.98792, 1, ] [-0.977418, -0.692446, ] [-0.975738, 1, ] [-0.957385, -0.818535, ] [-0.954476, -0.694477, ] [-0.951054, 1, ] [-0.94931, 0.911135, ] [-0.9127, -0.686302, ] [-0.900345, 1.00001, ] [-0.886392, -0.722209, ] [-0.79296, 1, ] [-0.725297, -1, ] [-0.693184, -1, ] [-0.679128, -1, ] [-0.671904, -1, ] [-0.645067, -1, ] [-0.641786, -1, ] [-0.622911, -1, ] [-0.621144, -1, ] [-0.617545, -1, ] [-0.617314, -1, ] [-0.617145, -1, ] [-0.61495, -1, ] [-0.601167, 0.715481, ] [-0.596072, -1, ] [-0.573697, -0.805954, ] [-0.547874, 1, ] [-0.462209, -0.503696, ] [-0.436378, -0.44267, ] [-0.391827, -1, ] [-0.276365, -0.384174, ] [-0.275269, -0.413302, ] [-0.267949, -1, ] [-0.244178, -0.430822, ] [-0.179591, -0.355668, ] [-0.175908, -0.354423, ] [-0.172771, -0.352084, ] [-0.153512, -0.348091, ] [-0.148333, -0.34633, ] [-0.14616, -0.345727, ] [-0.138741, -0.344629, ] [-0.101503, 0.167621, ] [-0.0839202, 1, ] [-0.0793828, 0.989253, ] [-0.0784989, 0.972309, ] [-0.0145634, -0.567998, ] [0, 0, ] [0.00337039, 1, ] [0.0132022, 1, ] [0.0638348, 1, ] [0.114558, -1, ] [0.17713, -1, ] [0.185551, -1, ] [0.199854, -1, ] [0.251419, 0.294707, ] [0.280791, -0.999999, ] [0.284809, 1, ] [0.28488, 1, ] [0.285755, 1, ] [0.286931, 1, ] [0.289313, 1, ] [0.294206, 1, ] [0.295298, -1, ] [0.301187, 1, ] [0.304539, 1, ] [0.317332, -1, ] [0.327714, 1, ] [0.340789, -1, ] [0.38764, 1, ] [0.415968, -1, ] [0.432383, 0.743067, ] [0.432617, -1, ] [0.439907, -1, ] [0.44103, -1, ] [0.441721, -1, ] [0.4518, -1, ] [0.457488, -0.0850747, ] [0.538048, 0.39156, ] [0.631779, 0.951054, ] [0.695499, 0.500929, ] [0.701447, 0.970705, ] [0.710807, 0.221571, ] [0.781775, 0.689396, ] [0.786124, 0.763567, ] [0.848447, 0.774757, ] [0.863285, -0.431924, ] [0.87871, 0.807634, ] [0.889138, 0.816711, ] [0.901727, -0.194824, ] [0.911383, 0.800983, ] [0.918649, 0.967123, ] [0.92099, 0.733146, ] [0.936472, 0.934247, ] [0.970284, 0.904232, ] [0.972194, 0.909119, ] [0.982631, 0.0422976, ] [0.983537, 0.923276, ] [1, 0.99555, ] [1, 0.487937, ] [1, 0.982649, ] [1, -0.616928, ] [1, 0.989086, ] [1, 0.918444, ] [1, 0.873541, ] [1, -1, ] [1, -0.563347, ] [1, 0.0551799, ] [1, 0.0642814, ] [1, 0.172839, ] [1, 0.392034, ] [1, 0.610794, ] [1, 0.888116, ] [1, 1, ] [1.00001, 0.965494, ] [1.00001, 0.840726, ] [1.00001, 0.630494, ] [1.00001, -0.146166, ] [1.00001, -0.0523473, ] Polynom = [0.284286,-0.1180119814923356047,0.05187603780795491116,-0.02150586930652344241,0.1410345875044491382,-0.1481001467693542628,-0.01136463546641258703,-0.08259421750809495255,0.1055966244389746761] 
Error step 1 : 0.05835921349513
Error step 2 : 0.05869231890407
Distance between errors :0.0003331054089468

Generated D0 is : [-1, -1, ] [-1, -0.810312, ] [-1, -0.691004, ] [-1, -0.690983, ] [-1, -0.690983, ] [-1, -0.690983, ] [-1, -0.690983, ] [-1, -0.690983, ] [-1, -0.690983, ] [-1, -0.690983, ] [-1, -0.690983, ] [-1, -0.690983, ] [-1, -0.690983, ] [-1, -0.690983, ] [-1, -0.689776, ] [-1, -0.585593, ] [-1, 0.264248, ] [-1, 0.309008, ] [-1, 0.309017, ] [-1, 0.309017, ] [-1, 0.309017, ] [-1, 0.309017, ] [-1, 0.309017, ] [-1, 0.309017, ] [-1, 0.309017, ] [-1, 0.309017, ] [-1, 0.309017, ] [-1, 0.309017, ] [-1, 0.309017, ] [-1, 0.309017, ] [-1, 0.318857, ] [-1, 0.933337, ] [-1, 1, ] [-0.999821, -0.691002, ] [-0.999644, -0.691031, ] [-0.999623, 1, ] [-0.999287, -0.69108, ] [-0.999247, 1, ] [-0.998575, -0.691183, ] [-0.998495, 1, ] [-0.997154, -0.691336, ] [-0.996989, 1, ] [-0.994305, -0.691739, ] [-0.993973, 1.00001, ] [-0.988595, -0.692373, ] [-0.98792, 1, ] [-0.977418, -0.692446, ] [-0.975738, 1, ] [-0.957385, -0.818535, ] [-0.954476, -0.694477, ] [-0.951054, 1, ] [-0.94931, 0.911135, ] [-0.9127, -0.686302, ] [-0.900345, 1.00001, ] [-0.886392, -0.722209, ] [-0.79296, 1, ] [-0.725297, -1, ] [-0.693184, -1, ] [-0.679128, -1, ] [-0.671904, -1, ] [-0.645067, -1, ] [-0.641786, -1, ] [-0.631523, -1, ] [-0.622911, -1, ] [-0.621144, -1, ] [-0.617545, -1, ] [-0.617314, -1, ] [-0.617145, -1, ] [-0.61495, -1, ] [-0.601167, 0.715481, ] [-0.596072, -1, ] [-0.573697, -0.805954, ] [-0.547874, 1, ] [-0.462209, -0.503696, ] [-0.436378, -0.44267, ] [-0.391827, -1, ] [-0.276365, -0.384174, ] [-0.275269, -0.413302, ] [-0.267949, -1, ] [-0.244178, -0.430822, ] [-0.201472, -0.366443, ] [-0.179591, -0.355668, ] [-0.175908, -0.354423, ] [-0.172771, -0.352084, ] [-0.153512, -0.348091, ] [-0.148333, -0.34633, ] [-0.14616, -0.345727, ] [-0.138741, -0.344629, ] [-0.101503, 0.167621, ] [-0.0839202, 1, ] [-0.0793828, 0.989253, ] [-0.0784989, 0.972309, ] [-0.0145634, -0.567998, ] [0, 0, ] [0.00337039, 1, ] [0.0132022, 1, ] [0.05611, 1, ] [0.0638348, 1, ] [0.114558, -1, ] [0.17713, -1, ] [0.185551, -1, ] [0.199854, -1, ] [0.251419, 0.294707, ] [0.280791, -0.999999, ] [0.284809, 1, ] [0.28488, 1, ] [0.285755, 1, ] [0.286931, 1, ] [0.289313, 1, ] [0.294206, 1, ] [0.295298, -1, ] [0.301187, 1, ] [0.304539, 1, ] [0.317332, -1, ] [0.327714, 1, ] [0.340789, -1, ] [0.378594, -1, ] [0.38764, 1, ] [0.415968, -1, ] [0.432383, 0.743067, ] [0.432617, -1, ] [0.439907, -1, ] [0.44103, -1, ] [0.441721, -1, ] [0.4518, -1, ] [0.457488, -0.0850747, ] [0.538048, 0.39156, ] [0.631779, 0.951054, ] [0.695499, 0.500929, ] [0.701447, 0.970705, ] [0.710807, 0.221571, ] [0.781775, 0.689396, ] [0.786124, 0.763567, ] [0.807548, 0.566049, ] [0.848447, 0.774757, ] [0.863285, -0.431924, ] [0.87871, 0.807634, ] [0.889138, 0.816711, ] [0.901727, -0.194824, ] [0.911383, 0.800983, ] [0.918649, 0.967123, ] [0.92099, 0.733146, ] [0.936472, 0.934247, ] [0.970284, 0.904232, ] [0.972194, 0.909119, ] [0.976584, 0.793069, ] [0.982631, 0.0422976, ] [0.983537, 0.923276, ] [1, 0.99555, ] [1, 0.487937, ] [1, 0.982649, ] [1, -0.616928, ] [1, 0.989086, ] [1, 0.918444, ] [1, 0.873541, ] [1, -1, ] [1, -0.563347, ] [1, 0.0551799, ] [1, 0.0642814, ] [1, 0.172839, ] [1, 0.392034, ] [1, 0.610794, ] [1, 0.888116, ] [1, 1, ] [1.00001, 0.965494, ] [1.00001, 0.840726, ] [1.00001, 0.997772, ] [1.00001, 0.630494, ] [1.00001, -0.146166, ] [1.00001, -0.0523473, ] Polynom = [0.27953,-0.1164383043372230475,0.06098275633896007437,-0.02282682469626152663,0.1429837781111575057,-0.1487283819863245426,-0.007929111872778588088,-0.08221870405649917001,0.0958616706909990457] 
Error step 1 : 0.05835921349513
Error step 2 : 0.05836959427374
Distance between errors :1.038077861368e-05

Generated D0 is : [-1, -1, ] [-1, -0.810312, ] [-1, -0.691004, ] [-1, -0.690983, ] [-1, -0.690983, ] [-1, -0.690983, ] [-1, -0.690983, ] [-1, -0.690983, ] [-1, -0.690983, ] [-1, -0.690983, ] [-1, -0.690983, ] [-1, -0.690983, ] [-1, -0.690983, ] [-1, -0.690983, ] [-1, -0.690983, ] [-1, -0.689776, ] [-1, -0.585593, ] [-1, 0.264248, ] [-1, 0.309008, ] [-1, 0.309017, ] [-1, 0.309017, ] [-1, 0.309017, ] [-1, 0.309017, ] [-1, 0.309017, ] [-1, 0.309017, ] [-1, 0.309017, ] [-1, 0.309017, ] [-1, 0.309017, ] [-1, 0.309017, ] [-1, 0.309017, ] [-1, 0.309017, ] [-1, 0.309017, ] [-1, 0.318857, ] [-1, 0.933337, ] [-1, 1, ] [-0.99991, -0.690994, ] [-0.999821, -0.691002, ] [-0.999811, 1.00001, ] [-0.999644, -0.691031, ] [-0.999623, 1, ] [-0.999287, -0.69108, ] [-0.999247, 1, ] [-0.998575, -0.691183, ] [-0.998495, 1, ] [-0.997154, -0.691336, ] [-0.996989, 1, ] [-0.994305, -0.691739, ] [-0.993973, 1.00001, ] [-0.988595, -0.692373, ] [-0.98792, 1, ] [-0.977418, -0.692446, ] [-0.975738, 1, ] [-0.957385, -0.818535, ] [-0.954476, -0.694477, ] [-0.951054, 1, ] [-0.94931, 0.911135, ] [-0.9127, -0.686302, ] [-0.900345, 1.00001, ] [-0.886392, -0.722209, ] [-0.79296, 1, ] [-0.725297, -1, ] [-0.693184, -1, ] [-0.679128, -1, ] [-0.671904, -1, ] [-0.645067, -1, ] [-0.641786, -1, ] [-0.631523, -1, ] [-0.622911, -1, ] [-0.621144, -1, ] [-0.621012, -1, ] [-0.617545, -1, ] [-0.617314, -1, ] [-0.617145, -1, ] [-0.61495, -1, ] [-0.601167, 0.715481, ] [-0.596072, -1, ] [-0.573697, -0.805954, ] [-0.547874, 1, ] [-0.462209, -0.503696, ] [-0.436378, -0.44267, ] [-0.391827, -1, ] [-0.276365, -0.384174, ] [-0.275269, -0.413302, ] [-0.267949, -1, ] [-0.244178, -0.430822, ] [-0.201472, -0.366443, ] [-0.179591, -0.355668, ] [-0.175908, -0.354423, ] [-0.172771, -0.352084, ] [-0.161903, -0.349419, ] [-0.153512, -0.348091, ] [-0.148333, -0.34633, ] [-0.14616, -0.345727, ] [-0.138741, -0.344629, ] [-0.101503, 0.167621, ] [-0.0839202, 1, ] [-0.0793828, 0.989253, ] [-0.0784989, 0.972309, ] [-0.0145634, -0.567998, ] [0, 0, ] [0.00337039, 1, ] [0.0132022, 1, ] [0.05611, 1, ] [0.0638348, 1, ] [0.114558, -1, ] [0.17713, -1, ] [0.185551, -1, ] [0.199854, -1, ] [0.251419, 0.294707, ] [0.280791, -0.999999, ] [0.284663, 1, ] [0.284809, 1, ] [0.28488, 1, ] [0.285755, 1, ] [0.286931, 1, ] [0.289313, 1, ] [0.294206, 1, ] [0.295298, -1, ] [0.301187, 1, ] [0.304539, 1, ] [0.317332, -1, ] [0.327714, 1, ] [0.340789, -1, ] [0.378594, -1, ] [0.38764, 1, ] [0.415968, -1, ] [0.424303, -1, ] [0.432383, 0.743067, ] [0.432617, -1, ] [0.439907, -1, ] [0.44103, -1, ] [0.441721, -1, ] [0.4518, -1, ] [0.457488, -0.0850747, ] [0.538048, 0.39156, ] [0.631779, 0.951054, ] [0.695499, 0.500929, ] [0.701447, 0.970705, ] [0.710807, 0.221571, ] [0.781775, 0.689396, ] [0.786124, 0.763567, ] [0.807548, 0.566049, ] [0.828481, 0.786322, ] [0.848447, 0.774757, ] [0.863285, -0.431924, ] [0.87871, 0.807634, ] [0.889138, 0.816711, ] [0.901727, -0.194824, ] [0.911383, 0.800983, ] [0.918649, 0.967123, ] [0.92099, 0.733146, ] [0.936472, 0.934247, ] [0.951354, 0.923162, ] [0.970284, 0.904232, ] [0.972194, 0.909119, ] [0.976584, 0.793069, ] [0.982631, 0.0422976, ] [0.983537, 0.923276, ] [1, 0.99555, ] [1, 0.487937, ] [1, 0.982649, ] [1, -0.616928, ] [1, 0.989086, ] [1, 0.918444, ] [1, 0.873541, ] [1, -1, ] [1, -0.563347, ] [1, 0.0551799, ] [1, 0.0642814, ] [1, 0.172839, ] [1, 0.392034, ] [1, 0.610794, ] [1, 0.888116, ] [1, 1, ] [1.00001, 0.965494, ] [1.00001, 0.840726, ] [1.00001, 0.997772, ] [1.00001, 0.630494, ] [1.00001, -0.146166, ] [1.00001, -0.0523473, ] Polynom = [0.287249,-0.1144325604108849675,0.05117460337009708399,-0.02369717769110989136,0.1397598305272325925,-0.1446340814075512681,-0.01651879186602453475,-0.0874483955667620938,0.10976412423863538] 
Error step 1 : 0.05835921349513
Error step 2 : 0.05895498730171
Distance between errors :0.000595773806583

Generated D0 is : [-1, -1, ] [-1, -0.810312, ] [-1, -0.691004, ] [-1, -0.690983, ] [-1, -0.690983, ] [-1, -0.690983, ] [-1, -0.690983, ] [-1, -0.690983, ] [-1, -0.690983, ] [-1, -0.690983, ] [-1, -0.690983, ] [-1, -0.690983, ] [-1, -0.690983, ] [-1, -0.690983, ] [-1, -0.690983, ] [-1, -0.690983, ] [-1, -0.689776, ] [-1, -0.585593, ] [-1, 0.264248, ] [-1, 0.309008, ] [-1, 0.309017, ] [-1, 0.309017, ] [-1, 0.309017, ] [-1, 0.309017, ] [-1, 0.309017, ] [-1, 0.309017, ] [-1, 0.309017, ] [-1, 0.309017, ] [-1, 0.309017, ] [-1, 0.309017, ] [-1, 0.309017, ] [-1, 0.309017, ] [-1, 0.309017, ] [-1, 0.309017, ] [-1, 0.318857, ] [-1, 0.933337, ] [-1, 1, ] [-0.999955, -0.690987, ] [-0.99991, -0.690994, ] [-0.999821, -0.691002, ] [-0.999811, 1.00001, ] [-0.999644, -0.691031, ] [-0.999623, 1, ] [-0.999287, -0.69108, ] [-0.999247, 1, ] [-0.998575, -0.691183, ] [-0.998495, 1, ] [-0.997154, -0.691336, ] [-0.996989, 1, ] [-0.994305, -0.691739, ] [-0.993973, 1.00001, ] [-0.988595, -0.692373, ] [-0.98792, 1, ] [-0.977418, -0.692446, ] [-0.975738, 1, ] [-0.957385, -0.818535, ] [-0.954476, -0.694477, ] [-0.951054, 1, ] [-0.94931, 0.911135, ] [-0.9127, -0.686302, ] [-0.900345, 1.00001, ] [-0.886392, -0.722209, ] [-0.79296, 1, ] [-0.725297, -1, ] [-0.693184, -1, ] [-0.679128, -1, ] [-0.671904, -1, ] [-0.645067, -1, ] [-0.641786, -1, ] [-0.637034, -1, ] [-0.631523, -1, ] [-0.622911, -1, ] [-0.621144, -1, ] [-0.621012, -1, ] [-0.617545, -1, ] [-0.617314, -1, ] [-0.617145, -1, ] [-0.61495, -1, ] [-0.601167, 0.715481, ] [-0.596072, -1, ] [-0.573697, -0.805954, ] [-0.547874, 1, ] [-0.462209, -0.503696, ] [-0.436378, -0.44267, ] [-0.391827, -1, ] [-0.276365, -0.384174, ] [-0.275269, -0.413302, ] [-0.267949, -1, ] [-0.244178, -0.430822, ] [-0.227538, -0.36717, ] [-0.201472, -0.366443, ] [-0.179591, -0.355668, ] [-0.175908, -0.354423, ] [-0.172771, -0.352084, ] [-0.161903, -0.349419, ] [-0.153512, -0.348091, ] [-0.148333, -0.34633, ] [-0.14616, -0.345727, ] [-0.138741, -0.344629, ] [-0.101503, 0.167621, ] [-0.0839202, 1, ] [-0.0793828, 0.989253, ] [-0.0784989, 0.972309, ] [-0.0145634, -0.567998, ] [0, 0, ] [0.00337039, 1, ] [0.0132022, 1, ] [0.05611, 1, ] [0.0638348, 1, ] [0.114558, -1, ] [0.17713, -1, ] [0.185551, -1, ] [0.199854, -1, ] [0.251419, 0.294707, ] [0.271189, 1, ] [0.280791, -0.999999, ] [0.284663, 1, ] [0.284809, 1, ] [0.28488, 1, ] [0.285755, 1, ] [0.286931, 1, ] [0.289313, 1, ] [0.294206, 1, ] [0.295298, -1, ] [0.301187, 1, ] [0.304539, 1, ] [0.317332, -1, ] [0.327714, 1, ] [0.340789, -1, ] [0.352545, -1, ] [0.378594, -1, ] [0.38764, 1, ] [0.415968, -1, ] [0.424303, -1, ] [0.432383, 0.743067, ] [0.432617, -1, ] [0.439907, -1, ] [0.44103, -1, ] [0.441721, -1, ] [0.4518, -1, ] [0.457488, -0.0850747, ] [0.538048, 0.39156, ] [0.631779, 0.951054, ] [0.638331, 0.666647, ] [0.695499, 0.500929, ] [0.701447, 0.970705, ] [0.710807, 0.221571, ] [0.781775, 0.689396, ] [0.786124, 0.763567, ] [0.807548, 0.566049, ] [0.828481, 0.786322, ] [0.848447, 0.774757, ] [0.861409, 0.958211, ] [0.863285, -0.431924, ] [0.87871, 0.807634, ] [0.889138, 0.816711, ] [0.901727, -0.194824, ] [0.911383, 0.800983, ] [0.918649, 0.967123, ] [0.92099, 0.733146, ] [0.936472, 0.934247, ] [0.951354, 0.923162, ] [0.970284, 0.904232, ] [0.972194, 0.909119, ] [0.976584, 0.793069, ] [0.982631, 0.0422976, ] [0.983537, 0.923276, ] [1, 0.99555, ] [1, 0.487937, ] [1, 0.982649, ] [1, -0.616928, ] [1, 0.989086, ] [1, 0.918444, ] [1, 0.873541, ] [1, -1, ] [1, -0.563347, ] [1, 0.0551799, ] [1, 0.0642814, ] [1, 0.172839, ] [1, 0.392034, ] [1, 0.610794, ] [1, 0.888116, ] [1, 1, ] [1.00001, 0.965494, ] [1.00001, 0.840726, ] [1.00001, 0.997772, ] [1.00001, 0.630494, ] [1.00001, -0.146166, ] [1.00001, -0.0523473, ] Polynom = [0.277755,-0.1167994136047349057,0.06311871335563512542,-0.02272638959458406215,0.143457378593882079,-0.1493024175707265699,-0.006053829021950091204,-0.08138399430626275243,0.09315167808992232124] 
Error step 1 : 0.05835921349513
Error step 2 : 0.05836053321883
Distance between errors :1.319723707511e-06

Generated D0 is : [-1, -1, ] [-1, -0.810312, ] [-1, -0.691004, ] [-1, -0.690983, ] [-1, -0.690983, ] [-1, -0.690983, ] [-1, -0.690983, ] [-1, -0.690983, ] [-1, -0.690983, ] [-1, -0.690983, ] [-1, -0.690983, ] [-1, -0.690983, ] [-1, -0.690983, ] [-1, -0.690983, ] [-1, -0.690983, ] [-1, -0.690983, ] [-1, -0.690983, ] [-1, -0.689776, ] [-1, -0.585593, ] [-1, 0.264248, ] [-1, 0.309008, ] [-1, 0.309017, ] [-1, 0.309017, ] [-1, 0.309017, ] [-1, 0.309017, ] [-1, 0.309017, ] [-1, 0.309017, ] [-1, 0.309017, ] [-1, 0.309017, ] [-1, 0.309017, ] [-1, 0.309017, ] [-1, 0.309017, ] [-1, 0.309017, ] [-1, 0.309017, ] [-1, 0.309017, ] [-1, 0.309017, ] [-1, 0.318857, ] [-1, 0.933337, ] [-1, 1, ] [-0.999955, -0.690987, ] [-0.99991, -0.690994, ] [-0.999821, -0.691002, ] [-0.999811, 1.00001, ] [-0.999811, 1.00001, ] [-0.999644, -0.691031, ] [-0.999623, 1, ] [-0.999287, -0.69108, ] [-0.999247, 1, ] [-0.998575, -0.691183, ] [-0.998495, 1, ] [-0.997154, -0.691336, ] [-0.996989, 1, ] [-0.994305, -0.691739, ] [-0.993973, 1.00001, ] [-0.988595, -0.692373, ] [-0.98792, 1, ] [-0.977418, -0.692446, ] [-0.975738, 1, ] [-0.957385, -0.818535, ] [-0.954476, -0.694477, ] [-0.951054, 1, ] [-0.94931, 0.911135, ] [-0.9127, -0.686302, ] [-0.900345, 1.00001, ] [-0.886392, -0.722209, ] [-0.79296, 1, ] [-0.725297, -1, ] [-0.693184, -1, ] [-0.679128, -1, ] [-0.671904, -1, ] [-0.645067, -1, ] [-0.641786, -1, ] [-0.637034, -1, ] [-0.631523, -1, ] [-0.622911, -1, ] [-0.621144, -1, ] [-0.621012, -1, ] [-0.618353, -1, ] [-0.617545, -1, ] [-0.617314, -1, ] [-0.617145, -1, ] [-0.61495, -1, ] [-0.601167, 0.715481, ] [-0.596072, -1, ] [-0.573697, -0.805954, ] [-0.547874, 1, ] [-0.462209, -0.503696, ] [-0.436378, -0.44267, ] [-0.391827, -1, ] [-0.276365, -0.384174, ] [-0.275269, -0.413302, ] [-0.267949, -1, ] [-0.244178, -0.430822, ] [-0.227538, -0.36717, ] [-0.201472, -0.366443, ] [-0.179591, -0.355668, ] [-0.175908, -0.354423, ] [-0.172771, -0.352084, ] [-0.161903, -0.349419, ] [-0.153512, -0.348091, ] [-0.148755, -0.346375, ] [-0.148333, -0.34633, ] [-0.14616, -0.345727, ] [-0.138741, -0.344629, ] [-0.101503, 0.167621, ] [-0.0839202, 1, ] [-0.0793828, 0.989253, ] [-0.0784989, 0.972309, ] [-0.0145634, -0.567998, ] [0, 0, ] [0.00337039, 1, ] [0.0132022, 1, ] [0.05611, 1, ] [0.0638348, 1, ] [0.114558, -1, ] [0.17713, -1, ] [0.185551, -1, ] [0.199854, -1, ] [0.251419, 0.294707, ] [0.271189, 1, ] [0.280791, -0.999999, ] [0.284663, 1, ] [0.284663, 1, ] [0.284809, 1, ] [0.28488, 1, ] [0.285755, 1, ] [0.286931, 1, ] [0.289313, 1, ] [0.294206, 1, ] [0.295298, -1, ] [0.301187, 1, ] [0.304539, 1, ] [0.317332, -1, ] [0.327714, 1, ] [0.340789, -1, ] [0.352545, -1, ] [0.378594, -1, ] [0.38764, 1, ] [0.415968, -1, ] [0.424303, -1, ] [0.432383, 0.743067, ] [0.432617, -1, ] [0.436264, -1, ] [0.439907, -1, ] [0.44103, -1, ] [0.441721, -1, ] [0.4518, -1, ] [0.457488, -0.0850747, ] [0.538048, 0.39156, ] [0.631779, 0.951054, ] [0.638331, 0.666647, ] [0.695499, 0.500929, ] [0.701447, 0.970705, ] [0.710807, 0.221571, ] [0.781775, 0.689396, ] [0.786124, 0.763567, ] [0.807548, 0.566049, ] [0.828481, 0.786322, ] [0.848447, 0.774757, ] [0.861409, 0.958211, ] [0.863285, -0.431924, ] [0.87871, 0.807634, ] [0.883552, 0.812783, ] [0.889138, 0.816711, ] [0.901727, -0.194824, ] [0.911383, 0.800983, ] [0.918649, 0.967123, ] [0.92099, 0.733146, ] [0.936472, 0.934247, ] [0.951354, 0.923162, ] [0.969102, 0.906178, ] [0.970284, 0.904232, ] [0.972194, 0.909119, ] [0.976584, 0.793069, ] [0.982631, 0.0422976, ] [0.983537, 0.923276, ] [1, 0.99555, ] [1, 0.487937, ] [1, 0.982649, ] [1, -0.616928, ] [1, 0.989086, ] [1, 0.918444, ] [1, 0.873541, ] [1, -1, ] [1, -0.563347, ] [1, 0.0551799, ] [1, 0.0642814, ] [1, 0.172839, ] [1, 0.392034, ] [1, 0.610794, ] [1, 0.888116, ] [1, 1, ] [1.00001, 0.965494, ] [1.00001, 0.840726, ] [1.00001, 0.997772, ] [1.00001, 0.630494, ] [1.00001, -0.146166, ] [1.00001, -0.0523473, ] Polynom = [0.278129,-0.117027483422266626,0.06254208019360311955,-0.02265469980630188673,0.1434716271198157867,-0.1493905233457725745,-0.00635606313499889608,-0.08114167596279731053,0.09364020547690825314] 
Error step 1 : 0.05835921349513
Error step 2 : 0.05836472099041
Distance between errors :5.507495280916e-06

Generated D0 is : [-1, -1, ] [-1, -0.810312, ] [-1, -0.691004, ] [-1, -0.690983, ] [-1, -0.690983, ] [-1, -0.690983, ] [-1, -0.690983, ] [-1, -0.690983, ] [-1, -0.690983, ] [-1, -0.690983, ] [-1, -0.690983, ] [-1, -0.690983, ] [-1, -0.690983, ] [-1, -0.690983, ] [-1, -0.690983, ] [-1, -0.690983, ] [-1, -0.690983, ] [-1, -0.690983, ] [-1, -0.689776, ] [-1, -0.585593, ] [-1, 0.264248, ] [-1, 0.309008, ] [-1, 0.309017, ] [-1, 0.309017, ] [-1, 0.309017, ] [-1, 0.309017, ] [-1, 0.309017, ] [-1, 0.309017, ] [-1, 0.309017, ] [-1, 0.309017, ] [-1, 0.309017, ] [-1, 0.309017, ] [-1, 0.309017, ] [-1, 0.309017, ] [-1, 0.309017, ] [-1, 0.309017, ] [-1, 0.309017, ] [-1, 0.309017, ] [-1, 0.318857, ] [-1, 0.933337, ] [-1, 1, ] [-0.999977, -0.690986, ] [-0.999955, -0.690987, ] [-0.99991, -0.690994, ] [-0.999821, -0.691002, ] [-0.999811, 1.00001, ] [-0.999811, 1.00001, ] [-0.999644, -0.691031, ] [-0.999623, 1, ] [-0.999287, -0.69108, ] [-0.999247, 1, ] [-0.998575, -0.691183, ] [-0.998495, 1, ] [-0.997154, -0.691336, ] [-0.996989, 1, ] [-0.994305, -0.691739, ] [-0.993973, 1.00001, ] [-0.988595, -0.692373, ] [-0.98792, 1, ] [-0.977418, -0.692446, ] [-0.975738, 1, ] [-0.957385, -0.818535, ] [-0.954476, -0.694477, ] [-0.951054, 1, ] [-0.94931, 0.911135, ] [-0.9127, -0.686302, ] [-0.900345, 1.00001, ] [-0.886392, -0.722209, ] [-0.79296, 1, ] [-0.725297, -1, ] [-0.693184, -1, ] [-0.679128, -1, ] [-0.671904, -1, ] [-0.645067, -1, ] [-0.641786, -1, ] [-0.637034, -1, ] [-0.631523, -1, ] [-0.622911, -1, ] [-0.621144, -1, ] [-0.621012, -1, ] [-0.618353, -1, ] [-0.618261, -1, ] [-0.617545, -1, ] [-0.617314, -1, ] [-0.617145, -1, ] [-0.61495, -1, ] [-0.601167, 0.715481, ] [-0.596072, -1, ] [-0.573697, -0.805954, ] [-0.547874, 1, ] [-0.462209, -0.503696, ] [-0.436378, -0.44267, ] [-0.391827, -1, ] [-0.276365, -0.384174, ] [-0.275269, -0.413302, ] [-0.267949, -1, ] [-0.244178, -0.430822, ] [-0.227538, -0.36717, ] [-0.201472, -0.366443, ] [-0.179591, -0.355668, ] [-0.175908, -0.354423, ] [-0.172771, -0.352084, ] [-0.161903, -0.349419, ] [-0.153512, -0.348091, ] [-0.150171, -0.347292, ] [-0.148755, -0.346375, ] [-0.148333, -0.34633, ] [-0.14616, -0.345727, ] [-0.138741, -0.344629, ] [-0.101503, 0.167621, ] [-0.0839202, 1, ] [-0.0793828, 0.989253, ] [-0.0784989, 0.972309, ] [-0.0145634, -0.567998, ] [0, 0, ] [0.00337039, 1, ] [0.0132022, 1, ] [0.05611, 1, ] [0.0638348, 1, ] [0.114558, -1, ] [0.17713, -1, ] [0.185551, -1, ] [0.199854, -1, ] [0.225864, 1, ] [0.251419, 0.294707, ] [0.271189, 1, ] [0.280791, -0.999999, ] [0.284663, 1, ] [0.284663, 1, ] [0.284809, 1, ] [0.28488, 1, ] [0.285755, 1, ] [0.286931, 1, ] [0.289313, 1, ] [0.294206, 1, ] [0.295298, -1, ] [0.301187, 1, ] [0.304539, 1, ] [0.317332, -1, ] [0.327714, 1, ] [0.340789, -1, ] [0.352545, -1, ] [0.378594, -1, ] [0.38764, 1, ] [0.415968, -1, ] [0.424303, -1, ] [0.432383, 0.743067, ] [0.432617, -1, ] [0.436264, -1, ] [0.436665, -1, ] [0.439907, -1, ] [0.44103, -1, ] [0.441721, -1, ] [0.4518, -1, ] [0.457488, -0.0850747, ] [0.538048, 0.39156, ] [0.631779, 0.951054, ] [0.638331, 0.666647, ] [0.695499, 0.500929, ] [0.701447, 0.970705, ] [0.710807, 0.221571, ] [0.781775, 0.689396, ] [0.786124, 0.763567, ] [0.807548, 0.566049, ] [0.828481, 0.786322, ] [0.848447, 0.774757, ] [0.861409, 0.958211, ] [0.863285, -0.431924, ] [0.87871, 0.807634, ] [0.883552, 0.812783, ] [0.889138, 0.816711, ] [0.890262, 0.79484, ] [0.901727, -0.194824, ] [0.911383, 0.800983, ] [0.918649, 0.967123, ] [0.92099, 0.733146, ] [0.936472, 0.934247, ] [0.951354, 0.923162, ] [0.969102, 0.906178, ] [0.970284, 0.904232, ] [0.971717, 0.887103, ] [0.972194, 0.909119, ] [0.976584, 0.793069, ] [0.982631, 0.0422976, ] [0.983537, 0.923276, ] [1, 0.99555, ] [1, 0.487937, ] [1, 0.982649, ] [1, -0.616928, ] [1, 0.989086, ] [1, 0.918444, ] [1, 0.873541, ] [1, -1, ] [1, -0.563347, ] [1, 0.0551799, ] [1, 0.0642814, ] [1, 0.172839, ] [1, 0.392034, ] [1, 0.610794, ] [1, 0.888116, ] [1, 1, ] [1.00001, 0.965494, ] [1.00001, 0.970351, ] [1.00001, 0.840726, ] [1.00001, 0.997772, ] [1.00001, 0.630494, ] [1.00001, -0.146166, ] [1.00001, -0.0523473, ] Polynom = [0.278396,-0.116744914924430454,0.06242379211988562105,-0.0227862146903230929,0.1433859027176786205,-0.1491711165987840703,-0.006754076673129688623,-0.08150996886277060704,0.09397790029761404762] 
Error step 1 : 0.05835921349513
Error step 2 : 0.05836213199907
Distance between errors :2.918503949457e-06

Generated D0 is : [-1, -1, ] [-1, -0.810312, ] [-1, -0.691004, ] [-1, -0.690983, ] [-1, -0.690983, ] [-1, -0.690983, ] [-1, -0.690983, ] [-1, -0.690983, ] [-1, -0.690983, ] [-1, -0.690983, ] [-1, -0.690983, ] [-1, -0.690983, ] [-1, -0.690983, ] [-1, -0.690983, ] [-1, -0.690983, ] [-1, -0.690983, ] [-1, -0.690983, ] [-1, -0.690983, ] [-1, -0.690983, ] [-1, -0.689776, ] [-1, -0.585593, ] [-1, 0.264248, ] [-1, 0.309008, ] [-1, 0.309017, ] [-1, 0.309017, ] [-1, 0.309017, ] [-1, 0.309017, ] [-1, 0.309017, ] [-1, 0.309017, ] [-1, 0.309017, ] [-1, 0.309017, ] [-1, 0.309017, ] [-1, 0.309017, ] [-1, 0.309017, ] [-1, 0.309017, ] [-1, 0.309017, ] [-1, 0.309017, ] [-1, 0.309017, ] [-1, 0.309017, ] [-1, 0.309017, ] [-1, 0.318857, ] [-1, 0.933337, ] [-1, 1, ] [-0.999988, -0.690984, ] [-0.999977, -0.690986, ] [-0.999955, -0.690987, ] [-0.99991, -0.690994, ] [-0.999821, -0.691002, ] [-0.999811, 1.00001, ] [-0.999811, 1.00001, ] [-0.999811, 1.00001, ] [-0.999644, -0.691031, ] [-0.999623, 1, ] [-0.999287, -0.69108, ] [-0.999247, 1, ] [-0.998575, -0.691183, ] [-0.998495, 1, ] [-0.997154, -0.691336, ] [-0.996989, 1, ] [-0.994305, -0.691739, ] [-0.993973, 1.00001, ] [-0.988595, -0.692373, ] [-0.98792, 1, ] [-0.977418, -0.692446, ] [-0.975738, 1, ] [-0.957385, -0.818535, ] [-0.954476, -0.694477, ] [-0.951054, 1, ] [-0.94931, 0.911135, ] [-0.9127, -0.686302, ] [-0.900345, 1.00001, ] [-0.886392, -0.722209, ] [-0.79296, 1, ] [-0.725297, -1, ] [-0.693184, -1, ] [-0.679128, -1, ] [-0.671904, -1, ] [-0.645067, -1, ] [-0.641786, -1, ] [-0.637034, -1, ] [-0.631523, -1, ] [-0.622911, -1, ] [-0.621144, -1, ] [-0.621012, -1, ] [-0.618753, -1, ] [-0.618353, -1, ] [-0.618261, -1, ] [-0.617545, -1, ] [-0.617314, -1, ] [-0.617145, -1, ] [-0.61495, -1, ] [-0.601167, 0.715481, ] [-0.596072, -1, ] [-0.573697, -0.805954, ] [-0.547874, 1, ] [-0.462209, -0.503696, ] [-0.436378, -0.44267, ] [-0.391827, -1, ] [-0.276365, -0.384174, ] [-0.275269, -0.413302, ] [-0.267949, -1, ] [-0.244178, -0.430822, ] [-0.227538, -0.36717, ] [-0.201472, -0.366443, ] [-0.179591, -0.355668, ] [-0.175908, -0.354423, ] [-0.172771, -0.352084, ] [-0.161903, -0.349419, ] [-0.153512, -0.348091, ] [-0.152498, -0.347224, ] [-0.150171, -0.347292, ] [-0.148755, -0.346375, ] [-0.148333, -0.34633, ] [-0.14616, -0.345727, ] [-0.138741, -0.344629, ] [-0.101503, 0.167621, ] [-0.0839202, 1, ] [-0.0793828, 0.989253, ] [-0.0784989, 0.972309, ] [-0.0145634, -0.567998, ] [0, 0, ] [0.00337039, 1, ] [0.0132022, 1, ] [0.05611, 1, ] [0.0638348, 1, ] [0.114558, -1, ] [0.17713, -1, ] [0.185551, -1, ] [0.199854, -1, ] [0.225864, 1, ] [0.251419, 0.294707, ] [0.271189, 1, ] [0.280791, -0.999999, ] [0.284663, 1, ] [0.284663, 1, ] [0.284663, 1, ] [0.284809, 1, ] [0.28488, 1, ] [0.285755, 1, ] [0.286931, 1, ] [0.289313, 1, ] [0.294206, 1, ] [0.295298, -1, ] [0.301187, 1, ] [0.304539, 1, ] [0.317332, -1, ] [0.327714, 1, ] [0.340789, -1, ] [0.352545, -1, ] [0.378594, -1, ] [0.38764, 1, ] [0.415968, -1, ] [0.424303, -1, ] [0.432383, 0.743067, ] [0.432617, -1, ] [0.434441, -1, ] [0.436264, -1, ] [0.436665, -1, ] [0.439907, -1, ] [0.44103, -1, ] [0.441721, -1, ] [0.4518, -1, ] [0.457488, -0.0850747, ] [0.538048, 0.39156, ] [0.631779, 0.951054, ] [0.638331, 0.666647, ] [0.695499, 0.500929, ] [0.701447, 0.970705, ] [0.710807, 0.221571, ] [0.781775, 0.689396, ] [0.786124, 0.763567, ] [0.807548, 0.566049, ] [0.828481, 0.786322, ] [0.848447, 0.774757, ] [0.861409, 0.958211, ] [0.863285, -0.431924, ] [0.863849, 0.803102, ] [0.87871, 0.807634, ] [0.883552, 0.812783, ] [0.889138, 0.816711, ] [0.890262, 0.79484, ] [0.901727, -0.194824, ] [0.911383, 0.800983, ] [0.918649, 0.967123, ] [0.92099, 0.733146, ] [0.936472, 0.934247, ] [0.951354, 0.923162, ] [0.964383, 0.91303, ] [0.969102, 0.906178, ] [0.970284, 0.904232, ] [0.971717, 0.887103, ] [0.972194, 0.909119, ] [0.976584, 0.793069, ] [0.982631, 0.0422976, ] [0.983537, 0.923276, ] [1, 0.99555, ] [1, 0.487937, ] [1, 0.982649, ] [1, -0.616928, ] [1, 0.989086, ] [1, 0.918444, ] [1, 0.873541, ] [1, -1, ] [1, -0.563347, ] [1, 0.0551799, ] [1, 0.0642814, ] [1, 0.172839, ] [1, 0.392034, ] [1, 0.610794, ] [1, 0.888116, ] [1, 1, ] [1.00001, 0.965494, ] [1.00001, 0.970351, ] [1.00001, 0.840726, ] [1.00001, 0.997772, ] [1.00001, 0.630494, ] [1.00001, -0.146166, ] [1.00001, -0.0523473, ] Polynom = [0.277785,-0.1169105180614716382,0.06319999140720550246,-0.02278784936721563181,0.1435988377741491962,-0.1493824169783620203,-0.006145115199838208086,-0.08113143066925890267,0.09299040063071600804] 
Error step 1 : 0.05835921349513
Error step 2 : 0.05835923969299
Distance between errors :2.619786432235e-08

Generated D0 is : [-1, -1, ] [-1, -0.810312, ] [-1, -0.691004, ] [-1, -0.690983, ] [-1, -0.690983, ] [-1, -0.690983, ] [-1, -0.690983, ] [-1, -0.690983, ] [-1, -0.690983, ] [-1, -0.690983, ] [-1, -0.690983, ] [-1, -0.690983, ] [-1, -0.690983, ] [-1, -0.690983, ] [-1, -0.690983, ] [-1, -0.690983, ] [-1, -0.690983, ] [-1, -0.690983, ] [-1, -0.690983, ] [-1, -0.690983, ] [-1, -0.689776, ] [-1, -0.585593, ] [-1, 0.264248, ] [-1, 0.309008, ] [-1, 0.309017, ] [-1, 0.309017, ] [-1, 0.309017, ] [-1, 0.309017, ] [-1, 0.309017, ] [-1, 0.309017, ] [-1, 0.309017, ] [-1, 0.309017, ] [-1, 0.309017, ] [-1, 0.309017, ] [-1, 0.309017, ] [-1, 0.309017, ] [-1, 0.309017, ] [-1, 0.309017, ] [-1, 0.309017, ] [-1, 0.309017, ] [-1, 0.309017, ] [-1, 0.309017, ] [-1, 0.318857, ] [-1, 0.933337, ] [-1, 1, ] [-0.999994, -0.690983, ] [-0.999988, -0.690984, ] [-0.999977, -0.690986, ] [-0.999955, -0.690987, ] [-0.99991, -0.690994, ] [-0.999821, -0.691002, ] [-0.999811, 1.00001, ] [-0.999811, 1.00001, ] [-0.999811, 1.00001, ] [-0.999811, 1, ] [-0.999644, -0.691031, ] [-0.999623, 1, ] [-0.999287, -0.69108, ] [-0.999247, 1, ] [-0.998575, -0.691183, ] [-0.998495, 1, ] [-0.997154, -0.691336, ] [-0.996989, 1, ] [-0.994305, -0.691739, ] [-0.993973, 1.00001, ] [-0.988595, -0.692373, ] [-0.98792, 1, ] [-0.977418, -0.692446, ] [-0.975738, 1, ] [-0.957385, -0.818535, ] [-0.954476, -0.694477, ] [-0.951054, 1, ] [-0.94931, 0.911135, ] [-0.9127, -0.686302, ] [-0.900345, 1.00001, ] [-0.886392, -0.722209, ] [-0.79296, 1, ] [-0.725297, -1, ] [-0.693184, -1, ] [-0.679128, -1, ] [-0.671904, -1, ] [-0.645067, -1, ] [-0.641786, -1, ] [-0.637034, -1, ] [-0.631523, -1, ] [-0.622911, -1, ] [-0.621144, -1, ] [-0.621012, -1, ] [-0.618753, -1, ] [-0.618353, -1, ] [-0.618261, -1, ] [-0.617545, -1, ] [-0.617542, -1, ] [-0.617314, -1, ] [-0.617145, -1, ] [-0.61495, -1, ] [-0.601167, 0.715481, ] [-0.596072, -1, ] [-0.573697, -0.805954, ] [-0.547874, 1, ] [-0.462209, -0.503696, ] [-0.436378, -0.44267, ] [-0.391827, -1, ] [-0.276365, -0.384174, ] [-0.275269, -0.413302, ] [-0.267949, -1, ] [-0.244178, -0.430822, ] [-0.227538, -0.36717, ] [-0.201472, -0.366443, ] [-0.179591, -0.355668, ] [-0.175908, -0.354423, ] [-0.172771, -0.352084, ] [-0.161903, -0.349419, ] [-0.153512, -0.348091, ] [-0.152498, -0.347224, ] [-0.150171, -0.347292, ] [-0.148755, -0.346375, ] [-0.148333, -0.34633, ] [-0.14743, -0.346023, ] [-0.14616, -0.345727, ] [-0.138741, -0.344629, ] [-0.101503, 0.167621, ] [-0.0839202, 1, ] [-0.0793828, 0.989253, ] [-0.0784989, 0.972309, ] [-0.0145634, -0.567998, ] [0, 0, ] [0.00337039, 1, ] [0.0132022, 1, ] [0.05611, 1, ] [0.0638348, 1, ] [0.114558, -1, ] [0.17713, -1, ] [0.185551, -1, ] [0.199854, -1, ] [0.225864, 1, ] [0.251419, 0.294707, ] [0.271189, 1, ] [0.280791, -0.999999, ] [0.284663, 1, ] [0.284663, 1, ] [0.284663, 1, ] [0.284663, 1, ] [0.284809, 1, ] [0.28488, 1, ] [0.285755, 1, ] [0.286931, 1, ] [0.289313, 1, ] [0.294206, 1, ] [0.295298, -1, ] [0.301187, 1, ] [0.304539, 1, ] [0.317332, -1, ] [0.327714, 1, ] [0.340789, -1, ] [0.352545, -1, ] [0.378594, -1, ] [0.38764, 1, ] [0.415968, -1, ] [0.424303, -1, ] [0.432383, 0.743067, ] [0.432617, -1, ] [0.434441, -1, ] [0.436264, -1, ] [0.436665, -1, ] [0.439907, -1, ] [0.43992, -1, ] [0.44103, -1, ] [0.441721, -1, ] [0.4518, -1, ] [0.457488, -0.0850747, ] [0.538048, 0.39156, ] [0.631779, 0.951054, ] [0.638331, 0.666647, ] [0.695499, 0.500929, ] [0.701447, 0.970705, ] [0.710807, 0.221571, ] [0.781775, 0.689396, ] [0.786124, 0.763567, ] [0.807548, 0.566049, ] [0.828481, 0.786322, ] [0.848447, 0.774757, ] [0.861409, 0.958211, ] [0.863285, -0.431924, ] [0.863849, 0.803102, ] [0.87871, 0.807634, ] [0.883552, 0.812783, ] [0.884611, 0.814391, ] [0.889138, 0.816711, ] [0.890262, 0.79484, ] [0.901727, -0.194824, ] [0.911383, 0.800983, ] [0.918649, 0.967123, ] [0.92099, 0.733146, ] [0.936472, 0.934247, ] [0.951354, 0.923162, ] [0.964383, 0.91303, ] [0.969069, 0.905789, ] [0.969102, 0.906178, ] [0.970284, 0.904232, ] [0.971717, 0.887103, ] [0.972194, 0.909119, ] [0.976584, 0.793069, ] [0.982631, 0.0422976, ] [0.983537, 0.923276, ] [1, 0.99555, ] [1, 0.487937, ] [1, 0.998886, ] [1, 0.982649, ] [1, -0.616928, ] [1, 0.989086, ] [1, 0.918444, ] [1, 0.873541, ] [1, -1, ] [1, -0.563347, ] [1, 0.0551799, ] [1, 0.0642814, ] [1, 0.172839, ] [1, 0.392034, ] [1, 0.610794, ] [1, 0.888116, ] [1, 1, ] [1.00001, 0.965494, ] [1.00001, 0.970351, ] [1.00001, 0.840726, ] [1.00001, 0.997772, ] [1.00001, 0.630494, ] [1.00001, -0.146166, ] [1.00001, -0.0523473, ] Polynom = [0.281016,-0.1171458077034786687,0.0579281599496335245,-0.02216246812478864236,0.1423792443588432766,-0.1487883875979326142,-0.008750838657122034236,-0.08211573443755181,0.09885626145251767694] 
Error step 1 : 0.05835921350013
Error step 2 : 0.05845174488036
Distance between errors :9.253138022874e-05
